1,414
2,354
3,299
4,253
5,214
6,182
7,155
8,132
9,112
10,96
11,82
12,71
13,60
14,52
15,45
16,38
17,165
18,292
19,399
20,489
21,566
22,490
23,409
24,343
25,288
26,243
27,346
28,448
29,533
30,604
31,664
32,572
33,479
34,402
35,340
36,287
37,386
38,483
39,563
40,631
41,687
42,589
43,494
44,416
45,351
46,298
47,396
48,491
49,571
50,637
51,693
52,593
53,497
54,418
55,353
56,300
57,400
58,495
59,574
60,641
61,695
62,592
63,497
64,418
65,353
66,299
67,403
68,497
69,576
70,642
71,696
72,592
73,496
74,418
75,353
76,299
77,405
78,499
79,577
80,643
81,696
82,589
83,494
84,416
85,351
86,297
87,406
88,500
89,578
90,644
91,695
92,587
93,493
94,415
95,350
96,299
97,408
98,502
99,580
100,645
101,695
102,586
103,492
104,414
105,351
106,299
107,411
108,504
109,582
110,647
111,694
112,584
113,490
114,413
115,349
116,300
117,412
118,505
119,583
120,648
121,694
122,583
123,489
124,412
125,348
126,302
127,414
128,507
129,583
130,648
131,692
132,582
133,488
134,411
135,347
136,303
137,416
138,508
139,585
140,649
141,691
142,580
143,486
144,410
145,347
146,304
147,417
148,510
149,586
150,651
151,690
152,578
153,486
154,409
155,346
156,306
157,419
158,511
159,587
160,652
161,688
162,576
163,484
164,407
165,345
166,307
167,420
168,511
169,588
170,652
171,686
172,575
173,483
174,407
175,344
176,310
177,422
178,513
179,589
180,653
181,685
182,573
183,481
184,405
185,343
186,311
187,424
188,515
189,591
190,654
191,684
192,571
193,480
194,405
195,341
196,313
197,426
198,516
199,592
200,655
201,682
202,570
203,480
204,405
205,341
206,315
207,427
208,517
209,592
210,656
211,680
212,568
213,477
214,402
215,340
216,317
217,428
218,518
219,593
220,657
221,679
222,566
223,476
224,401
225,339
226,319
227,431
228,520
229,595
230,658
231,677
232,565
233,475
234,400
235,338
236,320
237,432
238,522
239,596
240,659
241,675
242,563
243,473
244,400
245,337
246,322
247,433
248,522
249,597
250,659
251,673
252,562
253,472
254,398
255,336
256,325
257,435
258,524
259,598
260,660
261,670
262,561
263,471
264,397
265,335
266,326
267,437
268,525
269,599
270,662
271,670
272,559
273,470
274,396
275,335
276,328
277,439
278,527
279,601
280,663
281,668
282,557
283,468
284,394
285,333
286,330
287,440
288,528
289,602
290,663
291,666
292,555
293,467
294,393
295,333
296,332
297,441
298,529
299,603
300,664
301,663
302,555
303,466
304,393
305,332
306,334
307,443
308,531
309,604
310,665
311,662
312,553
313,465
314,391
315,331
316,336
317,445
318,532
319,605
320,666
321,660
322,551
323,463
324,391
325,330
326,337
327,446
328,533
329,606
330,667
331,658
332,549
333,462
334,389
335,329
336,340
337,448
338,534
339,607
340,668
341,656
342,548
343,461
344,389
345,329
346,343
347,448
348,536
349,608
350,669
351,655
352,546
353,460
354,387
355,328
356,344
357,451
358,537
359,609
360,670
361,652
362,544
363,458
364,386
365,326
366,345
367,452
368,538
369,610
370,670
371,651
372,543
373,457
374,385
375,326
376,347
377,454
378,539
379,611
380,671
381,649
382,541
383,455
384,384
385,325
386,350
387,455
388,540
389,612
390,672
391,647
392,541
393,454
394,384
395,324
396,350
397,456
398,542
399,613
400,673
401,645
402,538
403,453
404,382
405,323
406,352
407,458
408,543
409,614
410,674
411,643
412,537
413,452
414,381
415,322
416,355
417,460
418,544
419,616
420,675
421,641
422,536
423,451
424,380
425,321
426,356
427,461
428,544
429,616
430,675
431,639
432,535
433,450
434,379
435,321
436,359
437,463
438,547
439,618
440,677
441,638
442,533
443,448
444,378
445,320
446,360
447,464
448,548
449,618
450,677
451,636
452,531
453,447
454,377
455,319
456,362
457,466
458,550
459,619
460,678
461,634
462,529
463,445
464,376
465,318
466,364
467,467
468,550
469,621
470,679
471,632
472,529
473,445
474,376
475,318
476,366
477,469
478,552
479,622
480,681
481,630
482,526
483,443
484,374
485,317
486,367
487,470
488,553
489,622
490,681
491,628
492,525
493,442
494,373
495,315
496,370
497,471
498,554
499,623
500,682
501,627
502,524
503,441
504,372
505,315
506,372
507,473
508,556
509,625
510,683
511,625
512,522
513,440
514,371
515,314
516,374
517,474
518,557
519,626
520,684
521,623
522,521
523,439
524,370
525,313
526,375
527,476
528,558
529,626
530,684
531,621
532,519
533,437
534,369
535,312
536,377
537,477
538,559
539,628
540,685
541,619
542,518
543,436
544,368
545,311
546,379
547,479
548,560
549,629
550,686
551,617
552,516
553,435
554,367
555,311
556,382
557,480
558,561
559,629
560,687
561,616
562,515
563,434
564,366
565,310
566,382
567,481
568,563
569,630
570,688
571,614
572,514
573,432
574,365
575,309
576,384
577,483
578,564
579,632
580,689
581,612
582,512
583,431
584,364
585,308
586,386
587,484
588,565
589,633
590,689
591,610
592,511
593,430
594,363
595,307
596,387
597,486
598,565
599,633
600,690
601,608
602,510
603,429
604,362
605,306
606,389
607,487
608,567
609,635
610,691
611,607
612,508
613,427
614,361
615,305
616,391
617,488
618,568
619,636
620,692
621,605
622,507
623,427
624,360
625,305
626,393
627,490
628,570
629,637
630,693
631,603
632,505
633,426
634,360
635,303
636,394
637,492
638,571
639,638
640,694
641,602
642,504
643,425
644,359
645,303
646,396
647,492
648,572
649,639
650,694
651,599
652,502
653,423
654,358
655,303
656,399
657,494
658,574
659,639
660,694
661,597
662,501
663,422
664,356
665,302
666,400
667,495
668,574
669,640
670,696
671,596
672,500
673,421
674,355
675,301
676,402
677,497
678,575
679,642
680,696
681,594
682,498
683,420
684,355
685,300
686,402
687,497
688,576
689,642
690,697
691,592
692,497
693,418
694,353
695,299
696,405
697,499
698,578
699,643
700,698
701,590
702,496
703,417
704,352
705,297
706,407
707,501
708,579
709,644
710,696
711,589
712,494
713,416
714,351
715,298
716,408
717,503
718,580
719,646
720,696
721,588
722,493
723,416
724,351
725,299
726,409
727,503
728,580
729,645
730,694
731,586
732,491
733,414
734,350
735,300
736,412
737,505
738,582
739,647
740,694
741,584
742,490
743,413
744,349
745,301
746,413
747,506
748,584
749,648
750,693
751,582
752,489
753,412
754,348
755,303
756,415
757,508
758,584
759,649
760,691
761,580
762,487
763,411
764,347
765,303
766,416
767,509
768,585
769,649
770,689
771,580
772,487
773,410
774,346
775,306
776,419
777,510
778,587
779,651
780,689
781,577
782,485
783,408
784,345
785,307
786,420
787,512
788,588
789,652
790,688
791,575
792,483
793,407
794,344
795,308
796,422
797,514
798,589
799,653
800,686
801,574
802,482
803,407
804,344
805,310
806,423
807,514
808,590
809,654
810,684
811,572
812,481
813,405
814,342
815,313
816,424
817,516
818,591
819,655
820,683
821,571
822,480
823,404
824,341
825,314
826,427
827,517
828,592
829,656
830,681
831,569
832,478
833,403
834,341
835,316
836,428
837,518
838,594
839,657
840,679
841,568
842,477
843,402
844,339
845,317
846,429
847,519
848,594
849,657
850,677
851,566
852,475
853,400
854,339
855,321
856,431
857,521
858,595
859,658
860,676
861,564
862,474
863,399
864,338
865,322
866,433
867,522
868,596
869,659
870,674
871,563
872,473
873,398
874,337
875,323
876,435
877,524
878,598
879,660
880,672
881,561
882,472
883,398
884,336
885,325
886,436
887,525
888,599
889,661
890,670
891,559
892,470
893,396
894,335
895,327
896,438
897,525
898,599
899,662
900,668
901,559
902,469
903,395
904,334
905,329
906,440
907,527
908,601
909,663
910,667
911,556
912,468
913,394
914,333
915,331
916,441
917,528
918,602
919,664
920,665
921,555
922,467
923,393
924,332
925,333
926,442
927,530
928,603
929,664
930,663
931,553
932,465
933,392
934,331
935,335
936,444
937,531
938,604
939,666
940,660
941,553
942,465
943,392
944,331
945,337
946,445
947,532
948,605
949,666
950,659
951,550
952,463
953,390
954,329
955,339
956,447
957,534
958,606
959,667
960,657
961,548
962,461
963,389
964,329
965,340
966,448
967,535
968,607
969,669
970,655
971,547
972,460
973,388
974,328
975,343
976,450
977,536
978,609
979,669
980,653
981,545
982,459
983,387
984,327
985,345
986,451
987,537
988,610
989,670
990,652
991,544
992,458
993,386
994,326
995,347
996,453
997,539
998,611
999,671
1000,650
1001,543
1002,456
1003,385
1004,325
1005,349
1006,454
1007,540
1008,611
1009,672
1010,647
1011,542
1012,455
1013,384
1014,324
1015,351
1016,455
1017,541
1018,612
1019,672
1020,645
1021,540
1022,454
1023,384
1024,324
1025,352
1026,458
1027,542
1028,614
1029,674
1030,644
1031,539
1032,452
1033,382
1034,323
1035,354
1036,459
1037,543
1038,615
1039,674
1040,642
1041,537
1042,452
1043,381
1044,322
1045,357
1046,459
1047,545
1048,615
1049,675
1050,640
1051,535
1052,450
1053,380
1054,321
1055,359
1056,461
1057,546
1058,616
1059,676
1060,637
1061,534
1062,449
1063,379
1064,320
1065,361
1066,463
1067,548
1068,617
1069,677
1070,637
1071,533
1072,448
1073,378
1074,320
1075,363
1076,464
1077,549
1078,618
1079,678
1080,634
1081,531
1082,446
1083,377
1084,318
1085,363
1086,465
1087,550
1088,619
1089,679
1090,632
1091,529
1092,445
1093,376
1094,317
1095,366
1096,467
1097,551
1098,620
1099,680
1100,630
1101,528
1102,444
1103,376
1104,317
1105,368
1106,469
1107,553
1108,622
1109,681
1110,629
1111,527
1112,443
1113,374
1114,316
1115,369
1116,470
1117,553
1118,623
1119,681
1120,626
1121,525
1122,443
1123,373
1124,316
1125,372
1126,472
1127,555
1128,623
1129,683
1130,625
1131,524
1132,440
1133,372
1134,314
1135,372
1136,474
1137,555
1138,625
1139,683
1140,624
1141,522
1142,440
1143,370
1144,314
1145,374
1146,475
1147,557
1148,626
1149,684
1150,622
1151,520
1152,438
1153,370
1154,313
1155,376
1156,476
1157,558
1158,627
1159,684
1160,620
1161,519
1162,437
1163,368
1164,312
1165,377
1166,477
1167,559
1168,628
1169,685
1170,619
1171,517
1172,436
1173,368
1174,311
1175,380
1176,480
1177,560
1178,629
1179,686
1180,617
1181,516
1182,435
1183,366
1184,310
1185,382
1186,481
1187,562
1188,630
1189,687
1190,615
1191,514
1192,434
1193,366
1194,310
1195,384
1196,482
1197,563
1198,631
1199,688
1200,613
1201,513
1202,433
1203,364
1204,309
1205,384
1206,483
1207,563
1208,632
1209,688
1210,611
1211,511
1212,431
1213,364
1214,308
1215,386
1216,485
1217,565
1218,632
1219,690
1220,609
1221,511
1222,430
1223,363
1224,307
1225,389
1226,486
1227,566
1228,634
1229,690
1230,608
1231,508
1232,429
1233,361
1234,306
1235,390
1236,488
1237,567
1238,635
1239,691
1240,605
1241,507
1242,427
1243,361
1244,305
1245,391
1246,489
1247,568
1248,636
1249,692
1250,604
1251,506
1252,427
1253,360
1254,305
1255,393
1256,491
1257,569
1258,637
1259,692
1260,603
1261,504
1262,425
1263,359
1264,304
1265,395
1266,492
1267,571
1268,638
1269,694
1270,601
1271,503
1272,425
1273,358
1274,303
1275,398
1276,493
1277,572
1278,639
1279,694
1280,597
1281,502
1282,422
1283,357
1284,302
1285,399
1286,494
1287,573
1288,639
1289,694
1290,597
1291,501
1292,422
1293,356
1294,302
1295,401
1296,495
1297,574
1298,641
1299,695
1300,595
1301,499
1302,421
1303,355
1304,301
1305,403
1306,497
1307,575
1308,642
1309,696
1310,593
1311,498
1312,419
1313,354
1314,300
1315,404
1316,498
1317,576
1318,643
1319,697
1320,591
1321,497
1322,419
1323,353
1324,299
1325,406
1326,500
1327,578
1328,644
1329,698
1330,591
1331,494
1332,417
1333,352
1334,297
1335,408
1336,501
1337,579
1338,644
1339,696
1340,589
1341,493
1342,416
1343,351
1344,299
1345,409
1346,503
1347,580
1348,646
1349,695
1350,587
1351,492
1352,415
1353,350
1354,300
1355,410
1356,504
1357,581
1358,647
1359,694
1360,585
1361,491
1362,414
1363,350
1364,300
1365,411
1366,506
1367,582
1368,647
1369,693
1370,584
1371,490
1372,412
1373,349
1374,302
1375,415
1376,506
1377,584
1378,648
1379,692
1380,582
1381,488
1382,412
1383,347
1384,304
1385,415
1386,508
1387,585
1388,650
1389,691
1390,581
1391,487
1392,411
1393,347
1394,304
1395,418
1396,509
1397,586
1398,650
1399,690
1400,578
1401,486
1402,409
1403,346
1404,306
1405,419
1406,510
1407,587
1408,652
1409,687
1410,576
1411,484
1412,407
1413,344
1414,307
1415,421
1416,511
1417,588
1418,652
1419,687
1420,575
1421,483
1422,407
1423,344
1424,310
1425,423
1426,513
1427,590
1428,654
1429,685
1430,573
1431,482
1432,405
1433,343
1434,312
1435,424
1436,515
1437,591
1438,654
1439,684
1440,571
1441,481
1442,405
1443,342
1444,312
1445,425
1446,515
1447,591
1448,654
1449,682
1450,570
1451,478
1452,404
1453,341
1454,315
1455,427
1456,517
1457,593
1458,656
1459,680
1460,569
1461,478
1462,402
1463,340
1464,317
1465,429
1466,518
1467,594
1468,656
1469,679
1470,567
1471,477
1472,401
1473,340
1474,319
1475,431
1476,520
1477,595
1478,657
1479,677
1480,565
1481,475
1482,400
1483,338
1484,320
1485,431
1486,521
1487,595
1488,659
1489,674
1490,564
1491,474
1492,399
1493,337
1494,322
1495,433
1496,522
1497,596
1498,660
1499,672
1500,562
1501,472
1502,398
1503,336
1504,325
1505,435
1506,524
1507,598
1508,661
1509,670
1510,561
1511,471
1512,398
1513,335
1514,328
1515,436
1516,526
1517,599
1518,662
1519,669
1520,560
1521,470
1522,397
1523,335
1524,329
1525,437
1526,526
1527,600
1528,662
1529,666
1530,558
1531,468
1532,395
1533,334
1534,331
1535,439
1536,528
1537,602
1538,664
1539,666
1540,557
1541,468
1542,394
1543,333
1544,332
1545,441
1546,529
1547,602
1548,664
1549,663
1550,555
1551,466
1552,393
1553,332
1554,335
1555,443
1556,531
1557,603
1558,665
1559,661
1560,553
1561,464
1562,392
1563,331
1564,336
1565,443
1566,531
1567,604
1568,666
1569,659
1570,551
1571,463
1572,391
1573,330
1574,339
1575,445
1576,533
1577,605
1578,667
1579,657
1580,549
1581,462
1582,389
1583,329
1584,340
1585,448
1586,534
1587,607
1588,668
1589,657
1590,548
1591,462
1592,389
1593,329
1594,342
1595,449
1596,536
1597,608
1598,668
1599,655
1600,546
1601,460
1602,388
1603,328
1604,343
1605,450
1606,536
1607,608
1608,669
1609,653
1610,545
1611,458
1612,386
1613,327
1614,345
1615,451
1616,538
1617,609
1618,670
1619,651
1620,544
1621,458
1622,385
1623,327
1624,348
1625,454
1626,540
1627,611
1628,671
1629,649
1630,543
1631,456
1632,385
1633,326
1634,350
1635,455
1636,541
1637,612
1638,673
1639,646
1640,541
1641,455
1642,383
1643,325
1644,351
1645,456
1646,541
1647,613
1648,672
1649,645
1650,539
1651,453
1652,383
1653,323
1654,354
1655,458
1656,543
1657,614
1658,674
1659,642
1660,538
1661,452
1662,381
1663,322
1664,356
1665,460
1666,544
1667,615
1668,675
1669,641
1670,536
1671,451
1672,381
1673,322
1674,357
1675,461
1676,545
1677,616
1678,675
1679,639
1680,534
1681,450
1682,379
1683,321
1684,358
1685,462
1686,546
1687,617
1688,676
1689,637
1690,533
1691,448
1692,378
1693,320
1694,362
1695,464
1696,548
1697,618
1698,678
1699,635
1700,532
1701,447
1702,378
1703,319
1704,363
1705,465
1706,550
1707,620
1708,678
1709,633
1710,529
1711,446
1712,376
1713,318
1714,364
1715,467
1716,550
1717,620
1718,679
1719,632
1720,528
1721,445
1722,375
1723,318
1724,366
1725,468
1726,551
1727,621
1728,679
1729,630
1730,527
1731,444
1732,374
1733,317
1734,368
1735,470
1736,552
1737,623
1738,681
1739,628
1740,525
1741,443
1742,373
1743,316
1744,369
1745,471
1746,553
1747,623
1748,681
1749,626
1750,524
1751,441
1752,372
1753,315
1754,372
1755,473
1756,554
1757,624
1758,682
1759,624
1760,522
1761,440
1762,371
1763,313
1764,373
1765,474
1766,556
1767,625
1768,683
1769,623
1770,521
1771,439
1772,370
1773,313
1774,375
1775,476
1776,557
1777,627
1778,684
1779,621
1780,519
1781,438
1782,369
1783,312
1784,377
1785,477
1786,558
1787,628
1788,685
1789,619
1790,518
1791,437
1792,368
1793,311
1794,379
1795,478
1796,560
1797,628
1798,686
1799,617
1800,517
1801,435
1802,368
1803,311
1804,380
1805,480
1806,560
1807,629
1808,686
1809,616
1810,515
1811,434
1812,366
1813,310
1814,382
1815,481
1816,562
1817,631
1818,687
1819,614
1820,514
1821,433
1822,365
1823,309
1824,384
1825,482
1826,563
1827,632
1828,688
1829,612
1830,512
1831,432
1832,364
1833,308
1834,386
1835,484
1836,565
1837,633
1838,690
1839,611
1840,512
1841,430
1842,364
1843,307
1844,388
1845,485
1846,566
1847,633
1848,690
1849,607
1850,510
1851,429
1852,362
1853,306
1854,390
1855,487
1856,567
1857,634
1858,692
1859,606
1860,509
1861,428
1862,361
1863,305
1864,392
1865,488
1866,568
1867,635
1868,692
1869,604
1870,507
1871,427
1872,361
1873,305
1874,394
1875,489
1876,570
1877,636
1878,692
1879,603
1880,505
1881,425
1882,359
1883,304
1884,394
1885,490
1886,570
1887,637
1888,693
1889,601
1890,504
1891,425
1892,359
1893,303
1894,396
1895,493
1896,571
1897,638
1898,694
1899,599
1900,503
1901,423
1902,358
1903,303
1904,398
1905,494
1906,573
1907,640
1908,694
1909,597
1910,502
1911,422
1912,356
1913,302
1914,400
1915,495
1916,574
1917,641
1918,696
1919,596
1920,499
1921,422
1922,355
1923,301
1924,402
1925,497
1926,575
1927,641
1928,696
1929,594
1930,498
1931,420
1932,354
1933,300
1934,404
1935,497
1936,577
1937,642
1938,697
1939,592
1940,497
1941,419
1942,354
1943,300
1944,404
1945,499
1946,578
1947,643
1948,698
1949,591
1950,496
1951,418
1952,352
1953,299
1954,407
1955,500
1956,579
1957,644
1958,696
1959,590
1960,494
1961,417
1962,351
1963,298
1964,407
1965,501
1966,579
1967,644
1968,695
1969,588
1970,493
1971,415
1972,351
1973,299
1974,410
1975,504
1976,580
1977,646
1978,695
1979,585
1980,492
1981,414
1982,350
1983,300
1984,412
1985,504
1986,582
1987,647
1988,694
1989,584
1990,491
1991,413
1992,349
1993,302
1994,414
1995,506
1996,583
1997,648
1998,693
1999,582
2000,490
2001,412
2002,348
2003,302
2004,415
2005,507
2006,584
2007,648
2008,691
2009,580
2010,487
2011,410
2012,347
2013,304
2014,417
2015,508
2016,585
2017,650
2018,690
2019,579
2020,487
2021,410
2022,347
2023,306
2024,419
2025,510
2026,587
2027,651
2028,689
2029,577
2030,485
2031,408
2032,345
2033,307
2034,420
2035,511
2036,588
2037,652
2038,688
2039,576
2040,484
2041,407
2042,345
2043,308
2044,421
2045,512
2046,589
2047,652
2048,685
2049,574
2050,482
2051,406
2052,343
2053,310
2054,423
2055,514
2056,590
2057,653
2058,684
2059,573
2060,481
2061,405
2062,343
2063,312
2064,425
2065,515
2066,591
2067,654
2068,683
2069,572
2070,480
2071,405
2072,342
2073,314
2074,427
2075,517
2076,592
2077,656
2078,681
2079,569
2080,479
2081,403
2082,341
2083,316
2084,428
2085,518
2086,593
2087,656
2088,678
2089,569
2090,478
2091,402
2092,340
2093,318
2094,429
2095,520
2096,594
2097,657
2098,678
2099,566
2100,475
2101,401
2102,339
2103,320
2104,431
2105,521
2106,595
2107,659
2108,675
2109,565
2110,474
2111,400
2112,338
2113,323
2114,432
2115,522
2116,596
2117,660
2118,673
2119,564
2120,473
2121,399
2122,337
2123,324
2124,433
2125,523
2126,597
2127,660
2128,671
2129,561
2130,471
2131,398
2132,336
2133,326
2134,437
2135,524
2136,598
2137,661
2138,669
2139,560
2140,471
2141,396
2142,336
2143,328
2144,438
2145,526
2146,600
2147,662
2148,668
2149,558
2150,470
2151,395
2152,335
2153,329
2154,440
2155,527
2156,601
2157,662
2158,667
2159,556
2160,468
2161,394
2162,334
2163,331
2164,440
2165,528
2166,602
2167,664
2168,665
2169,555
2170,467
2171,393
2172,333
2173,333
2174,442
2175,529
2176,603
2177,665
2178,663
2179,554
2180,465
2181,392
2182,331
2183,336
2184,443
2185,531
2186,604
2187,665
2188,661
2189,552
2190,465
2191,392
2192,331
2193,337
2194,446
2195,532
2196,605
2197,666
2198,659
2199,550
2200,463
2201,390
2202,330
2203,338
2204,447
2205,533
2206,606
2207,667
2208,657
2209,549
2210,461
2211,389
2212,329
2213,342
2214,448
2215,535
2216,607
2217,668
2218,654
2219,546
2220,461
2221,389
2222,329
2223,344
2224,450
2225,536
2226,609
2227,669
2228,654
2229,545
2230,459
2231,387
2232,327
2233,345
2234,452
2235,537
2236,610
2237,670
2238,653
2239,544
2240,459
2241,386
2242,327
2243,346
2244,452
2245,538
2246,610
2247,671
2248,650
2249,543
2250,456
2251,386
2252,325
2253,348
2254,453
2255,539
2256,610
2257,672
2258,647
2259,541
2260,455
2261,384
2262,325
2263,351
2264,456
2265,541
2266,613
2267,672
2268,645
2269,540
2270,454
2271,383
2272,324
2273,353
2274,457
2275,543
2276,613
2277,674
2278,643
2279,538
2280,453
2281,382
2282,322
2283,354
2284,458
2285,543
2286,614
2287,674
2288,641
2289,537
2290,451
2291,381
2292,322
2293,357
2294,460
2295,545
2296,615
2297,675
2298,639
2299,535
2300,450
2301,380
2302,321
2303,359
2304,463
2305,546
2306,616
2307,676
2308,638
2309,533
2310,449
2311,379
2312,320
2313,361
2314,463
2315,548
2316,618
2317,677
2318,636
2319,532
2320,448
2321,378
2322,319
2323,362
2324,464
2325,548
2326,618
2327,678
2328,633
2329,531
2330,446
2331,377
2332,318
2333,364
2334,466
2335,550
2336,620
2337,679
2338,632
2339,530
2340,445
2341,376
2342,318
2343,367
2344,468
2345,551
2346,620
2347,680
2348,632
2349,528
2350,445
2351,375
2352,317
2353,366
2354,469
2355,551
2356,621
2357,680
2358,629
2359,526
2360,443
2361,374
2362,316
2363,368
2364,470
2365,552
2366,623
2367,681
2368,628
2369,525
2370,443
2371,373
2372,316
2373,371
2374,473
2375,555
2376,624
2377,682
2378,626
2379,523
2380,441
2381,372
2382,315
2383,373
2384,474
2385,555
2386,625
2387,683
2388,624
2389,522
2390,439
2391,371
2392,314
2393,374
2394,475
2395,557
2396,626
2397,683
2398,622
2399,520
2400,439
2401,369
2402,313
2403,375
2404,476
2405,558
2406,627
2407,684
2408,620
2409,519
2410,438
2411,368
2412,312
2413,378
2414,478
2415,560
2416,628
2417,686
2418,619
2419,517
2420,436
2421,368
2422,311
2423,380
2424,480
2425,560
2426,629
2427,686
2428,617
2429,516
2430,435
2431,366
2432,309
2433,381
2434,480
2435,562
2436,630
2437,687
2438,615
2439,515
2440,434
2441,366
2442,310
2443,383
2444,482
2445,562
2446,631
2447,688
2448,612
2449,513
2450,432
2451,365
2452,308
2453,386
2454,483
2455,564
2456,632
2457,689
2458,610
2459,512
2460,431
2461,364
2462,308
2463,388
2464,484
2465,565
2466,633
2467,690
2468,609
2469,510
2470,430
2471,363
2472,307
2473,388
2474,487
2475,568
2476,634
2477,690
2478,607
2479,509
2480,429
2481,361
2482,306
2483,389
2484,487
2485,567
2486,635
2487,691
2488,606
2489,507
2490,428
2491,361
2492,306
2493,392
2494,489
2495,569
2496,636
2497,692
2498,604
2499,506
2500,427
2501,359
2502,305
2503,393
2504,491
2505,570
2506,637
2507,693
2508,603
2509,504
2510,426
2511,359
2512,304
2513,395
2514,493
2515,571
2516,638
2517,694
2518,600
2519,503
2520,424
2521,358
2522,303
2523,398
2524,492
2525,573
2526,638
2527,694
2528,599
2529,501
2530,423
2531,356
2532,303
2533,399
2534,494
2535,574
2536,639
2537,696
2538,597
2539,500
2540,422
2541,356
2542,302
2543,402
2544,496
2545,575
2546,640
2547,696
2548,595
2549,499
2550,421
2551,355
2552,301
2553,403
2554,497
2555,576
2556,641
2557,697
2558,594
2559,498
2560,419
2561,354
2562,300
2563,404
2564,498
2565,577
2566,643
2567,697
2568,592
2569,496
2570,418
2571,354
2572,299
2573,406
2574,500
2575,578
2576,644
2577,698
2578,591
2579,495
2580,417
2581,353
2582,298
2583,407
2584,501
2585,579
2586,645
2587,696
2588,589
2589,494
2590,416
2591,352
2592,299
2593,409
2594,502
2595,581
2596,645
2597,695
2598,587
2599,492
2600,415
2601,350
2602,299
2603,412
2604,503
2605,581
2606,647
2607,694
2608,585
2609,491
2610,414
2611,349
2612,301
2613,412
2614,506
2615,582
2616,648
2617,693
2618,584
2619,489
2620,413
2621,349
2622,302
2623,415
2624,507
2625,584
2626,648
2627,692
2628,581
2629,489
2630,412
2631,347
2632,304
2633,415
2634,508
2635,584
2636,650
2637,690
2638,580
2639,487
2640,411
2641,347
2642,304
2643,417
2644,509
2645,585
2646,650
2647,689
2648,578
2649,486
2650,409
2651,345
2652,307
2653,419
2654,511
2655,587
2656,651
2657,687
2658,577
2659,484
2660,409
2661,345
2662,309
2663,420
2664,512
2665,588
2666,652
2667,686
2668,576
2669,483
2670,407
2671,343
2672,310
2673,422
2674,514
2675,589
2676,653
2677,685
2678,574
2679,482
2680,406
2681,343
2682,311
2683,424
2684,514
2685,590
2686,654
2687,683
2688,572
2689,480
2690,405
2691,342
2692,313
2693,425
2694,516
2695,591
2696,655
2697,681
2698,571
2699,479
2700,404
2701,341
2702,316
2703,427
2704,517
2705,593
2706,656
2707,680
2708,568
2709,478
2710,402
2711,340
2712,317
2713,429
2714,519
2715,594
2716,656
2717,679
2718,567
2719,477
2720,401
2721,340
2722,318
2723,430
2724,519
2725,595
2726,657
2727,676
2728,565
2729,475
2730,400
2731,337
2732,321
2733,432
2734,522
2735,596
2736,659
2737,674
2738,565
2739,474
2740,400
2741,337
2742,324
2743,433
2744,523
2745,597
2746,660
2747,672
2748,563
2749,472
2750,398
2751,336
2752,325
2753,435
2754,524
2755,598
2756,661
2757,670
2758,561
2759,471
2760,398
2761,336
2762,327
2763,436
2764,525
2765,599
2766,662
2767,669
2768,559
2769,470
2770,396
2771,334
2772,330
2773,438
2774,526
2775,600
2776,662
2777,666
2778,557
2779,468
2780,395
2781,334
2782,331
2783,439
2784,528
2785,601
2786,663
2787,665
2788,556
2789,467
2790,394
2791,333
2792,333
2793,441
2794,529
2795,602
2796,664
2797,663
2798,555
2799,466
2800,393
2801,332
2802,334
2803,442
2804,530
2805,603
2806,665
2807,661
2808,553
2809,465
2810,392
2811,331
2812,337
2813,444
2814,532
2815,605
2816,666
2817,660
2818,551
2819,463
2820,390
2821,330
2822,338
2823,446
2824,533
2825,606
2826,667
2827,659
2828,549
2829,463
2830,389
2831,330
2832,340
2833,448
2834,534
2835,607
2836,667
2837,656
2838,548
2839,462
2840,389
2841,329
2842,341
2843,449
2844,535
2845,608
2846,668
2847,654
2848,546
2849,460
2850,388
2851,328
2852,344
2853,451
2854,536
2855,609
2856,669
2857,653
2858,545
2859,458
2860,387
2861,327
2862,347
2863,452
2864,538
2865,610
2866,671
2867,650
2868,544
2869,457
2870,386
2871,326
2872,348
2873,452
2874,539
2875,610
2876,671
2877,648
2878,542
2879,456
2880,384
2881,325
2882,350
2883,454
2884,540
2885,611
2886,672
2887,646
2888,541
2889,455
2890,384
2891,324
2892,352
2893,456
2894,542
2895,613
2896,673
2897,644
2898,540
2899,453
2900,383
2901,323
2902,353
2903,458
2904,543
2905,615
2906,674
2907,642
2908,538
2909,452
2910,382
2911,322
2912,356
2913,459
2914,544
2915,615
2916,675
2917,640
2918,536
2919,451
2920,381
2921,321
2922,358
2923,460
2924,545
2925,616
2926,676
2927,639
2928,535
2929,450
2930,379
2931,321
2932,359
2933,462
2934,547
2935,617
2936,677
2937,637
2938,533
2939,448
2940,379
2941,320
2942,362
2943,464
2944,548
2945,619
2946,677
2947,636
2948,532
2949,448
2950,377
2951,319
2952,362
2953,466
2954,549
2955,620
2956,678
2957,634
2958,530
2959,446
2960,377
2961,318
2962,365
2963,466
2964,550
2965,620
2966,679
2967,631
2968,528
2969,445
2970,375
2971,317
2972,367
2973,468
2974,552
2975,621
2976,680
2977,629
2978,528
2979,443
2980,374
2981,316
2982,369
2983,470
2984,553
2985,622
2986,681
2987,628
2988,526
2989,443
2990,374
2991,316
2992,370
2993,472
2994,554
2995,624
2996,682
2997,627
2998,524
2999,442
3000,372
3001,315
3002,371
3003,473
3004,555
3005,625
3006,682
3007,624
3008,523
3009,440
3010,371
3011,314
3012,373
3013,475
3014,556
3015,626
3016,683
3017,623
3018,521
3019,439
3020,370
3021,314
3022,375
3023,476
3024,557
3025,627
3026,684
3027,621
3028,519
3029,438
3030,369
3031,312
3032,378
3033,477
3034,559
3035,628
3036,685
3037,619
3038,518
3039,437
3040,368
3041,312
3042,378
3043,478
3044,559
3045,628
3046,685
3047,618
3048,516
3049,435
3050,367
3051,311
3052,380
3053,480
3054,561
3055,630
3056,687
3057,616
3058,515
3059,434
3060,366
3061,311
3062,383
3063,482
3064,562
3065,631
3066,688
3067,614
3068,514
3069,434
3070,365
3071,310
3072,386
3073,482
3074,564
3075,632
3076,688
3077,612
3078,512
3079,432
3080,364
3081,308
3082,385
3083,484
3084,564
3085,632
3086,689
3087,610
3088,511
3089,431
3090,364
3091,308
3092,388
3093,486
3094,566
3095,634
3096,690
3097,608
3098,509
3099,430
3100,362
3101,307
3102,389
3103,487
3104,567
3105,635
3106,691
3107,607
3108,508
3109,429
3110,361
3111,306
3112,391
3113,489
3114,568
3115,636
3116,692
3117,605
3118,507
3119,427
3120,361
3121,305
3122,393
3123,489
3124,570
3125,636
3126,692
3127,602
3128,506
3129,425
3130,359
3131,304
3132,395
3133,490
3134,571
3135,637
3136,693
3137,601
3138,504
3139,424
3140,359
3141,303
3142,396
3143,493
3144,572
3145,638
3146,694
3147,599
3148,503
3149,423
3150,358
3151,303
3152,398
3153,494
3154,573
3155,639
3156,694
3157,597
3158,500
3159,422
3160,357
3161,302
3162,400
3163,495
3164,573
3165,640
3166,695
3167,596
3168,500
3169,421
3170,356
3171,301
3172,401
3173,497
3174,575
3175,642
3176,696
3177,594
3178,499
3179,420
3180,355
3181,300
3182,403
3183,498
3184,576
3185,643
3186,696
3187,592
3188,498
3189,419
3190,354
3191,299
3192,405
3193,500
3194,577
3195,643
3196,697
3197,590
3198,496
3199,417
3200,352
3201,299
3202,406
3203,500
3204,578
3205,644
3206,697
3207,590
3208,494
3209,417
3210,352
3211,298
3212,408
3213,502
3214,580
3215,645
3216,695
3217,588
3218,493
3219,416
3220,351
3221,299
3222,409
3223,504
3224,581
3225,646
3226,694
3227,586
3228,491
3229,415
3230,349
3231,300
3232,411
3233,505
3234,582
3235,647
3236,694
3237,584
3238,491
3239,413
3240,349
3241,301
3242,413
3243,507
3244,582
3245,648
3246,692
3247,583
3248,489
3249,412
3250,348
3251,302
3252,415
3253,507
3254,585
3255,649
3256,692
3257,581
3258,488
3259,411
3260,347
3261,304
3262,417
3263,508
3264,586
3265,650
3266,690
3267,579
3268,487
3269,410
3270,346
3271,306
3272,418
3273,510
3274,587
3275,651
3276,689
3277,577
3278,485
3279,408
3280,345
3281,306
3282,420
3283,511
3284,587
3285,651
3286,687
3287,575
3288,483
3289,407
3290,344
3291,309
3292,422
3293,512
3294,589
3295,652
3296,686
3297,574
3298,482
3299,406
3300,343
3301,311
3302,422
3303,514
3304,590
3305,654
3306,684
3307,574
3308,481
3309,406
3310,343
3311,313
3312,425
3313,516
3314,591
3315,655
3316,682
3317,571
3318,479
3319,404
3320,341
3321,314
3322,426
3323,517
3324,591
3325,655
3326,680
3327,570
3328,478
3329,403
3330,340
3331,316
3332,427
3333,517
3334,593
3335,656
3336,679
3337,568
3338,478
3339,402
3340,340
3341,318
3342,430
3343,519
3344,595
3345,657
3346,677
3347,566
3348,476
3349,400
3350,339
3351,320
3352,431
3353,520
3354,595
3355,658
3356,676
3357,564
3358,475
3359,400
3360,338
3361,321
3362,432
3363,522
3364,596
3365,659
3366,673
3367,563
3368,473
3369,399
3370,336
3371,324
3372,435
3373,524
3374,598
3375,660
3376,672
3377,561
3378,472
3379,397
3380,336
3381,325
3382,436
3383,525
3384,599
3385,661
3386,671
3387,560
3388,472
3389,397
3390,336
3391,327
3392,438
3393,526
3394,600
3395,662
3396,669
3397,558
3398,470
3399,396
3400,335
3401,328
3402,439
3403,526
3404,601
3405,662
3406,667
3407,556
3408,468
3409,394
3410,334
3411,331
3412,441
3413,528
3414,601
3415,664
3416,664
3417,555
3418,467
3419,393
3420,333
3421,333
3422,443
3423,529
3424,603
3425,664
3426,663
3427,553
3428,465
3429,393
3430,331
3431,336
3432,443
3433,531
3434,604
3435,666
3436,660
3437,552
3438,464
3439,392
3440,331
3441,338
3442,444
3443,532
3444,605
3445,666
3446,658
3447,551
3448,462
3449,390
3450,329
3451,340
3452,447
3453,534
3454,606
3455,668
3456,656
3457,549
3458,462
3459,389
3460,329
3461,341
3462,448
3463,534
3464,608
3465,668
3466,656
3467,547
3468,461
3469,388
3470,329
3471,343
3472,450
3473,536
3474,608
3475,669
3476,654
3477,546
3478,460
3479,387
3480,328
3481,344
3482,451
3483,536
3484,609
3485,670
3486,651
3487,544
3488,458
3489,386
3490,327
3491,346
3492,453
3493,538
3494,610
3495,670
3496,649
3497,542
3498,457
3499,385
3500,325
3501,347
3502,453
3503,538
3504,610
3505,672
3506,647
3507,542
3508,455
3509,384
3510,324
3511,351
3512,455
3513,541
3514,613
3515,672
3516,646
3517,539
3518,454
3519,383
3520,324
3521,352
3522,457
3523,542
3524,613
3525,673
3526,644
3527,537
3528,453
3529,381
3530,323
3531,354
3532,459
3533,543
3534,615
3535,674
3536,642
3537,536
3538,452
3539,381
3540,322
3541,356
3542,460
3543,545
3544,615
3545,675
3546,639
3547,535
3548,450
3549,379
3550,321
3551,358
3552,462
3553,545
3554,617
3555,676
3556,639
3557,533
3558,450
3559,379
3560,321
3561,360
3562,463
3563,547
3564,618
3565,676
3566,637
3567,531
3568,448
3569,377
3570,320
3571,362
3572,465
3573,548
3574,619
3575,678
3576,635
3577,530
3578,447
3579,376
3580,319
3581,363
3582,467
3583,549
3584,620
3585,679
3586,633
3587,530
3588,446
3589,376
3590,318
3591,366
3592,467
3593,551
3594,620
3595,680
3596,630
3597,528
3598,444
3599,375
3600,317
3601,367
3602,468
3603,552
3604,621
3605,680
3606,628
3607,527
3608,443
3609,374
3610,316
3611,369
3612,469
3613,553
3614,622
3615,681
3616,626
3617,525
3618,441
3619,373
3620,315
3621,371
3622,471
3623,555
3624,623
3625,682
3626,624
3627,522
3628,441
3629,372
3630,314
3631,373
3632,474
3633,556
3634,625
3635,683
3636,624
3637,522
3638,440
3639,371
3640,314
3641,374
3642,475
3643,556
3644,626
3645,683
3646,622
3647,520
3648,438
3649,369
3650,313
3651,376
3652,476
3653,558
3654,627
3655,684
3656,620
3657,519
3658,437
3659,369
3660,312
3661,378
3662,478
3663,559
3664,629
3665,685
3666,618
3667,518
3668,436
3669,368
3670,311
3671,380
3672,479
3673,560
3674,629
3675,686
3676,616
3677,516
3678,435
3679,366
3680,311
3681,381
3682,480
3683,561
3684,630
3685,687
3686,614
3687,514
3688,434
3689,366
3690,310
3691,383
3692,482
3693,562
3694,631
3695,688
3696,613
3697,513
3698,432
3699,364
3700,309
3701,385
3702,484
3703,564
3704,632
3705,689
3706,611
3707,512
3708,432
3709,364
3710,308
3711,387
3712,485
3713,566
3714,633
3715,690
3716,610
3717,511
3718,430
3719,363
3720,307
3721,389
3722,486
3723,567
3724,633
3725,690
3726,606
3727,509
3728,429
3729,361
3730,306
3731,390
3732,488
3733,567
3734,635
3735,691
3736,606
3737,507
3738,428
3739,361
3740,306
3741,392
3742,490
3743,569
3744,636
3745,692
3746,604
3747,506
3748,427
3749,360
3750,305
3751,394
3752,491
3753,570
3754,637
3755,694
3756,602
3757,505
3758,426
3759,359
3760,304
3761,395
3762,492
3763,570
3764,638
3765,693
3766,600
3767,503
3768,424
3769,357
3770,303
3771,397
3772,493
3773,572
3774,639
3775,694
3776,598
3777,502
3778,422
3779,357
3780,302
3781,399
3782,495
3783,573
3784,640
3785,695
3786,596
3787,501
3788,422
3789,356
3790,302
3791,400
3792,496
3793,574
3794,641
3795,695
3796,594
3797,500
3798,421
3799,356
3800,301
3801,402
3802,497
3803,576
3804,642
3805,696
3806,593
3807,499
3808,419
3809,354
3810,300
3811,404
3812,499
3813,577
3814,643
3815,697
3816,591
3817,497
3818,418
3819,353
3820,299
3821,405
3822,500
3823,578
3824,644
3825,698
3826,590
3827,495
3828,417
3829,352
3830,298
3831,407
3832,502
3833,579
3834,645
3835,696
3836,589
3837,494
3838,416
3839,351
3840,300
3841,408
3842,503
3843,580
3844,645
3845,695
3846,586
3847,492
3848,414
3849,350
3850,299
3851,411
3852,504
3853,582
3854,646
3855,695
3856,585
3857,492
3858,414
3859,350
3860,301
3861,413
3862,505
3863,583
3864,647
3865,693
3866,583
3867,490
3868,412
3869,349
3870,302
3871,414
3872,506
3873,584
3874,648
3875,692
3876,581
3877,489
3878,411
3879,348
3880,303
3881,416
3882,508
3883,585
3884,649
3885,691
3886,580
3887,488
3888,411
3889,347
3890,305
3891,417
3892,510
3893,586
3894,650
3895,689
3896,579
3897,485
3898,409
3899,345
3900,307
3901,418
3902,511
3903,587
3904,652
3905,687
3906,577
3907,484
3908,408
3909,345
3910,309
3911,420
3912,513
3913,588
3914,653
3915,687
3916,576
3917,483
3918,407
3919,344
3920,310
3921,421
3922,513
3923,590
3924,653
3925,684
3926,572
3927,481
3928,405
3929,342
3930,311
3931,423
3932,515
3933,590
3934,654
3935,683
3936,572
3937,480
3938,405
3939,342
3940,314
3941,425
3942,516
3943,591
3944,655
3945,681
3946,571
3947,479
3948,404
3949,341
3950,316
3951,427
3952,518
3953,592
3954,656
3955,679
3956,569
3957,478
3958,403
3959,340
3960,317
3961,428
3962,519
3963,594
3964,657
3965,677
3966,567
3967,476
3968,400
3969,340
3970,320
3971,431
3972,520
3973,595
3974,658
3975,676
3976,566
3977,475
3978,400
3979,338
3980,321
3981,431
3982,522
3983,596
3984,659
3985,675
3986,564
3987,474
3988,399
3989,338
3990,322
3991,435
3992,522
3993,597
3994,659
3995,673
3996,562
3997,473
3998,398
3999,337
4000,324
4001,435
4002,523
4003,598
4004,660
4005,671
4006,560
4007,471
4008,397
4009,336
4010,327
4011,437
4012,525
4013,599
4014,661
4015,670
4016,559
4017,470
4018,396
4019,335
4020,329
4021,438
4022,527
4023,600
4024,663
4025,667
4026,558
4027,468
4028,395
4029,334
4030,331
4031,439
4032,528
4033,601
4034,664
4035,665
4036,556
4037,467
4038,394
4039,333
4040,333
4041,441
4042,529
4043,602
4044,664
4045,663
4046,554
4047,466
4048,393
4049,332
4050,335
4051,443
4052,530
4053,603
4054,665
4055,661
4056,552
4057,465
4058,392
4059,331
4060,337
4061,444
4062,532
4063,604
4064,666
4065,659
4066,552
4067,463
4068,391
4069,330
4070,339
4071,446
4072,534
4073,605
4074,667
4075,658
4076,550
4077,462
4078,390
4079,329
4080,340
4081,447
4082,534
4083,606
4084,668
4085,655
4086,548
4087,461
4088,389
4089,328
4090,343
4091,449
4092,536
4093,607
4094,669
4095,654
4096,545
4097,460
4098,387
4099,327
4100,344
4101,451
4102,537
4103,608
4104,670
4105,652
4106,546
4107,459
4108,387
4109,327
4110,347
4111,452
4112,538
4113,610
4114,671
4115,650
4116,544
4117,457
4118,386
4119,326
4120,348
4121,453
4122,539
4123,611
4124,671
4125,649
4126,544
4127,456
4128,385
4129,326
4130,349
4131,455
4132,540
4133,612
4134,672
4135,647
4136,540
4137,455
4138,383
4139,323
4140,351
4141,456
4142,541
4143,613
4144,673
4145,645
4146,538
4147,454
4148,382
4149,324
4150,353
4151,458
4152,542
4153,615
4154,674
4155,643
4156,538
4157,453
4158,382
4159,323
4160,356
4161,459
4162,543
4163,615
4164,675
4165,640
4166,536
4167,451
4168,381
4169,322
4170,357
4171,461
4172,546
4173,616
4174,676
4175,638
4176,535
4177,450
4178,380
4179,321
4180,360
4181,462
4182,546
4183,617
4184,676
4185,637
4186,533
4187,449
4188,378
4189,320
4190,361
4191,465
4192,548
4193,619
4194,677
4195,636
4196,531
4197,448
4198,377
4199,319
4200,362
4201,465
4202,548
4203,619
4204,678
4205,634
4206,530
4207,447
4208,376
4209,319
4210,364
4211,467
4212,551
4213,621
4214,679
4215,632
4216,528
4217,445
4218,375
4219,318
4220,366
4221,469
4222,551
4223,621
4224,681
4225,630
4226,527
4227,443
4228,374
4229,317
4230,368
4231,470
4232,553
4233,623
4234,680
4235,629
4236,526
4237,443
4238,374
4239,316
4240,370
4241,471
4242,554
4243,623
4244,682
4245,626
4246,524
4247,441
4248,372
4249,314
4250,371
4251,473
4252,555
4253,625
4254,682
4255,625
4256,523
4257,441
4258,371
4259,315
4260,374
4261,475
4262,556
4263,626
4264,683
4265,623
4266,521
4267,438
4268,371
4269,313
4270,376
4271,476
4272,558
4273,626
4274,685
4275,620
4276,520
4277,437
4278,369
4279,312
4280,377
4281,476
4282,559
4283,627
4284,685
4285,618
4286,518
4287,436
4288,369
4289,312
4290,380
4291,478
4292,560
4293,629
4294,686
4295,616
4296,517
4297,435
4298,367
4299,310
4300,381
4301,480
4302,561
4303,629
4304,687
4305,615
4306,516
4307,434
4308,367
4309,310
4310,383
4311,481
4312,562
4313,630
4314,687
4315,613
4316,514
4317,433
4318,366
4319,309
4320,385
4321,482
4322,563
4323,631
4324,689
4325,611
4326,513
4327,431
4328,364
4329,308
4330,386
4331,484
4332,565
4333,632
4334,689
4335,609
4336,511
4337,430
4338,363
4339,307
4340,388
4341,485
4342,566
4343,633
4344,690
4345,608
4346,510
4347,429
4348,363
4349,306
4350,390
4351,486
4352,567
4353,634
4354,691
4355,607
4356,509
4357,429
4358,361
4359,306
4360,390
4361,488
4362,568
4363,635
4364,691
4365,605
4366,506
4367,427
4368,360
4369,305
4370,393
4371,490
4372,569
4373,637
4374,692
4375,604
4376,505
4377,427
4378,359
4379,305
4380,395
4381,491
4382,571
4383,638
4384,693
4385,602
4386,504
4387,425
4388,358
4389,304
4390,396
4391,493
4392,571
4393,638
4394,694
4395,599
4396,502
4397,424
4398,357
4399,303
4400,398
4401,493
4402,573
4403,639
4404,695
4405,598
4406,501
4407,423
4408,356
4409,302
4410,400
4411,495
4412,574
4413,640
4414,695
4415,596
4416,499
4417,421
4418,355
4419,302
4420,402
4421,496
4422,575
4423,642
4424,696
4425,595
4426,498
4427,420
4428,355
4429,301
4430,404
4431,498
4432,576
4433,642
4434,697
4435,593
4436,497
4437,419
4438,354
4439,300
4440,404
4441,499
4442,577
4443,642
4444,698
4445,591
4446,495
4447,417
4448,352
4449,298
4450,407
4451,501
4452,579
4453,644
4454,696
4455,590
4456,494
4457,417
4458,352
4459,299
4460,408
4461,502
4462,580
4463,645
4464,695
4465,588
4466,493
4467,416
4468,350
4469,299
4470,409
4471,503
4472,581
4473,646
4474,694
4475,586
4476,492
4477,415
4478,350
4479,300
4480,412
4481,504
4482,582
4483,647
4484,694
4485,584
4486,490
4487,413
4488,349
4489,302
4490,413
4491,506
4492,583
4493,648
4494,692
4495,583
4496,488
4497,412
4498,348
4499,303
4500,414
4501,508
4502,584
4503,649
4504,691
4505,581
4506,488
4507,411
4508,347
4509,305
4510,416
4511,509
4512,585
4513,650
4514,690
4515,580
4516,486
4517,410
4518,346
4519,306
4520,417
4521,510
4522,586
4523,651
4524,689
4525,578
4526,485
4527,409
4528,345
4529,307
4530,420
4531,511
4532,588
4533,652
4534,688
4535,576
4536,485
4537,407
4538,345
4539,309
4540,422
4541,513
4542,589
4543,653
4544,686
4545,574
4546,483
4547,406
4548,343
4549,310
4550,423
4551,514
4552,590
4553,653
4554,685
4555,573
4556,482
4557,405
4558,343
4559,312
4560,425
4561,515
4562,591
4563,654
4564,682
4565,571
4566,478
4567,404
4568,341
4569,315
4570,427
4571,517
4572,591
4573,656
4574,680
4575,570
4576,478
4577,403
4578,340
4579,317
4580,428
4581,518
4582,593
4583,656
4584,679
4585,567
4586,478
4587,402
4588,340
4589,318
4590,430
4591,519
4592,594
4593,657
4594,677
4595,565
4596,476
4597,400
4598,339
4599,319
4600,431
4601,520
4602,595
4603,658
4604,675
4605,564
4606,475
4607,400
4608,337
4609,322
4610,433
4611,522
4612,597
4613,659
4614,674
4615,562
4616,474
4617,398
4618,338
4619,324
4620,435
4621,523
4622,598
4623,660
4624,671
4625,562
4626,472
4627,398
4628,336
4629,326
4630,435
4631,525
4632,598
4633,661
4634,669
4635,560
4636,470
4637,397
4638,335
4639,328
4640,436
4641,525
4642,600
4643,661
4644,668
4645,558
4646,469
4647,395
4648,334
4649,329
4650,438
4651,528
4652,601
4653,663
4654,667
4655,557
4656,469
4657,394
4658,334
4659,331
4660,441
4661,528
4662,602
4663,663
4664,665
4665,555
4666,466
4667,394
4668,332
4669,334
4670,442
4671,530
4672,603
4673,665
4674,662
4675,554
4676,466
4677,393
4678,332
4679,335
4680,443
4681,532
4682,603
4683,665
4684,660
4685,552
4686,464
4687,391
4688,331
4689,338
4690,445
4691,532
4692,605
4693,666
4694,659
4695,551
4696,463
4697,391
4698,330
4699,340
4700,447
4701,534
4702,606
4703,667
4704,656
4705,550
4706,462
4707,390
4708,329
4709,342
4710,448
4711,535
4712,607
4713,668
4714,654
4715,548
4716,460
4717,388
4718,328
4719,343
4720,449
4721,536
4722,608
4723,669
4724,653
4725,546
4726,459
4727,388
4728,328
4729,346
4730,451
4731,538
4732,609
4733,670
4734,652
4735,545
4736,458
4737,386
4738,327
4739,347
4740,453
4741,538
4742,611
4743,671
4744,650
4745,542
4746,457
4747,385
4748,326
4749,348
4750,454
4751,539
4752,611
4753,671
4754,647
4755,542
4756,455
4757,385
4758,325
4759,350
4760,456
4761,540
4762,612
4763,672
4764,646
4765,539
4766,455
4767,383
4768,324
4769,352
4770,458
4771,542
4772,614
4773,673
4774,644
4775,538
4776,453
4777,382
4778,323
4779,355
4780,459
4781,544
4782,615
4783,675
4784,643
4785,536
4786,452
4787,381
4788,323
4789,356
4790,461
4791,545
4792,616
4793,675
4794,640
4795,535
4796,451
4797,379
4798,321
4799,357
4800,462
4801,545
4802,617
4803,675
4804,638
4805,533
4806,450
4807,379
4808,321
4809,360
4810,464
4811,547
4812,618
4813,676
4814,637
4815,532
4816,448
4817,378
4818,320
4819,361
4820,465
4821,548
4822,618
4823,678
4824,634
4825,530
4826,447
4827,377
4828,319
4829,364
4830,467
4831,549
4832,620
4833,679
4834,633
4835,529
4836,445
4837,376
4838,318
4839,366
4840,467
4841,551
4842,620
4843,679
4844,630
4845,528
4846,444
4847,375
4848,317
4849,368
4850,469
4851,552
4852,622
4853,681
4854,628
4855,527
4856,443
4857,374
4858,316
4859,369
4860,469
4861,553
4862,622
4863,681
4864,626
4865,524
4866,441
4867,372
4868,315
4869,370
4870,472
4871,554
4872,624
4873,682
4874,625
4875,523
4876,441
4877,371
4878,315
4879,372
4880,473
4881,555
4882,625
4883,682
4884,623
4885,521
4886,440
4887,371
4888,314
4889,374
4890,475
4891,557
4892,626
4893,684
4894,622
4895,520
4896,438
4897,369
4898,313
4899,376
4900,477
4901,558
4902,627
4903,684
4904,620
4905,519
4906,438
4907,369
4908,312
4909,378
4910,478
4911,559
4912,628
4913,686
4914,617
4915,518
4916,435
4917,368
4918,311
4919,380
4920,478
4921,561
4922,629
4923,686
4924,616
4925,516
4926,435
4927,367
4928,310
4929,381
4930,481
4931,561
4932,630
4933,687
4934,615
4935,514
4936,434
4937,366
4938,310
4939,383
4940,483
4941,563
4942,631
4943,688
4944,613
4945,513
4946,432
4947,364
4948,309
4949,385
4950,483
4951,564
4952,632
4953,689
4954,610
4955,512
4956,431
4957,364
4958,308
4959,386
4960,485
4961,565
4962,633
4963,689
4964,609
4965,510
4966,430
4967,363
4968,307
4969,388
4970,486
4971,566
4972,634
4973,690
4974,608
4975,509
4976,429
4977,362
4978,307
4979,390
4980,488
4981,567
4982,635
4983,691
4984,606
4985,507
4986,428
4987,361
4988,306
4989,392
4990,489
4991,568
4992,636
4993,692
4994,604
4995,506
4996,426
4997,360
4998,304
4999,394
5000,490
5001,570
5002,636
5003,693
5004,601
5005,505
5006,425
5007,359
5008,304
5009,395
5010,492
5011,571
5012,638
5013,694
5014,600
5015,503
5016,424
5017,358
5018,303
5019,398
5020,493
5021,573
5022,639
5023,694
5024,599
5025,502
5026,424
5027,357
5028,303
5029,400
5030,494
5031,574
5032,640
5033,696
5034,597
5035,500
5036,421
5037,356
5038,301
5039,401
5040,496
5041,574
5042,641
5043,695
5044,594
5045,499
5046,420
5047,355
5048,300
5049,402
5050,497
5051,575
5052,642
5053,696
5054,593
5055,498
5056,419
5057,355
5058,300
5059,404
5060,499
5061,576
5062,643
5063,697
5064,591
5065,497
5066,418
5067,354
5068,299
5069,405
5070,500
5071,578
5072,644
5073,698
5074,590
5075,496
5076,417
5077,353
5078,298
5079,406
5080,500
5081,579
5082,644
5083,696
5084,588
5085,494
5086,416
5087,352
5088,299
5089,409
5090,503
5091,580
5092,646
5093,695
5094,587
5095,492
5096,415
5097,350
5098,300
5099,410
5100,504
5101,581
5102,647
5103,694
5104,586
5105,491
5106,415
5107,350
5108,301
5109,413
5110,506
5111,583
5112,647
5113,693
5114,583
5115,490
5116,412
5117,349
5118,301
5119,414
5120,507
5121,583
5122,649
5123,692
5124,581
5125,489
5126,411
5127,348
5128,303
5129,415
5130,508
5131,585
5132,649
5133,691
5134,580
5135,487
5136,410
5137,347
5138,305
5139,418
5140,509
5141,586
5142,650
5143,689
5144,578
5145,486
5146,409
5147,346
5148,306
5149,419
5150,510
5151,587
5152,651
5153,689
5154,576
5155,485
5156,408
5157,346
5158,307
5159,421
5160,512
5161,588
5162,652
5163,686
5164,574
5165,482
5166,407
5167,343
5168,309
5169,423
5170,513
5171,589
5172,653
5173,685
5174,573
5175,482
5176,406
5177,343
5178,311
5179,424
5180,514
5181,591
5182,654
5183,683
5184,571
5185,481
5186,405
5187,342
5188,314
5189,426
5190,516
5191,592
5192,655
5193,682
5194,570
5195,480
5196,403
5197,341
5198,314
5199,427
5200,517
5201,592
5202,656
5203,679
5204,569
5205,478
5206,402
5207,341
5208,317
5209,428
5210,519
5211,593
5212,657
5213,677
5214,567
5215,477
5216,402
5217,340
5218,319
5219,431
5220,520
5221,595
5222,657
5223,677
5224,565
5225,476
5226,400
5227,339
5228,321
5229,431
5230,522
5231,596
5232,659
5233,674
5234,564
5235,473
5236,400
5237,337
5238,323
5239,433
5240,523
5241,596
5242,659
5243,672
5244,562
5245,472
5246,398
5247,336
5248,325
5249,435
5250,524
5251,598
5252,661
5253,671
5254,560
5255,472
5256,397
5257,336
5258,326
5259,437
5260,525
5261,599
5262,661
5263,669
5264,559
5265,471
5266,396
5267,335
5268,329
5269,438
5270,526
5271,601
5272,662
5273,668
5274,557
5275,469
5276,395
5277,335
5278,330
5279,440
5280,527
5281,601
5282,663
5283,665
5284,556
5285,467
5286,395
5287,333
5288,333
5289,441
5290,529
5291,603
5292,664
5293,663
5294,554
5295,466
5296,392
5297,332
5298,334
5299,444
5300,530
5301,604
5302,665
5303,662
5304,552
5305,465
5306,392
5307,332
5308,336
5309,445
5310,531
5311,605
5312,666
5313,660
5314,551
5315,464
5316,390
5317,331
5318,337
5319,446
5320,532
5321,606
5322,666
5323,658
5324,549
5325,463
5326,389
5327,330
5328,340
5329,448
5330,533
5331,607
5332,667
5333,656
5334,548
5335,461
5336,389
5337,329
5338,343
5339,449
5340,535
5341,608
5342,668
5343,655
5344,546
5345,460
5346,387
5347,328
5348,344
5349,451
5350,536
5351,609
5352,669
5353,653
5354,545
5355,459
5356,387
5357,327
5358,345
5359,452
5360,538
5361,610
5362,670
5363,651
5364,543
5365,458
5366,385
5367,326
5368,347
5369,454
5370,539
5371,611
5372,671
5373,649
5374,542
5375,457
5376,384
5377,325
5378,350
5379,455
5380,540
5381,612
5382,673
5383,646
5384,541
5385,455
5386,384
5387,324
5388,353
5389,456
5390,542
5391,613
5392,673
5393,645
5394,538
5395,454
5396,382
5397,324
5398,353
5399,458
5400,542
5401,614
5402,674
5403,643
5404,537
5405,453
5406,381
5407,323
5408,355
5409,460
5410,544
5411,615
5412,674
5413,641
5414,535
5415,451
5416,380
5417,322
5418,357
5419,461
5420,546
5421,616
5422,676
5423,640
5424,535
5425,450
5426,380
5427,321
5428,360
5429,463
5430,547
5431,617
5432,677
5433,636
5434,532
5435,449
5436,378
5437,320
5438,360
5439,464
5440,547
5441,618
5442,677
5443,636
5444,531
5445,448
5446,377
5447,320
5448,362
5449,465
5450,549
5451,620
5452,678
5453,634
5454,530
5455,447
5456,376
5457,319
5458,365
5459,467
5460,550
5461,620
5462,679
5463,632
5464,529
5465,445
5466,376
5467,318
5468,366
5469,469
5470,551
5471,622
5472,680
5473,632
5474,528
5475,445
5476,376
5477,318
5478,368
5479,470
5480,552
5481,622
5482,681
5483,628
5484,525
5485,443
5486,373
5487,316
5488,370
5489,471
5490,553
5491,623
5492,681
5493,626
5494,523
5495,441
5496,372
5497,315
5498,371
5499,473
5500,554
5501,624
5502,682
5503,625
5504,522
5505,440
5506,371
5507,314
5508,374
5509,475
5510,557
5511,625
5512,683
5513,622
5514,521
5515,438
5516,370
5517,313
5518,375
5519,476
5520,557
5521,626
5522,684
5523,621
5524,519
5525,438
5526,369
5527,313
5528,377
5529,477
5530,558
5531,628
5532,685
5533,619
5534,518
5535,437
5536,368
5537,312
5538,379
5539,479
5540,560
5541,629
5542,686
5543,617
5544,517
5545,436
5546,367
5547,310
5548,380
5549,479
5550,561
5551,629
5552,687
5553,616
5554,516
5555,434
5556,366
5557,310
5558,382
5559,481
5560,562
5561,630
5562,688
5563,613
5564,513
5565,433
5566,365
5567,309
5568,384
5569,483
5570,563
5571,632
5572,688
5573,612
5574,512
5575,432
5576,364
5577,308
5578,386
5579,484
5580,564
5581,633
5582,689
5583,610
5584,511
5585,431
5586,363
5587,308
5588,387
5589,486
5590,567
5591,634
5592,690
5593,609
5594,510
5595,430
5596,362
5597,307
5598,389
5599,487
5600,566
5601,634
5602,691
5603,607
5604,508
5605,429
5606,361
5607,306
5608,391
5609,489
5610,568
5611,636
5612,691
5613,605
5614,507
5615,428
5616,360
5617,305
5618,393
5619,490
5620,569
5621,637
5622,692
5623,603
5624,505
5625,426
5626,359
5627,304
5628,395
5629,491
5630,570
5631,638
5632,694
5633,601
5634,504
5635,424
5636,358
5637,303
5638,395
5639,492
5640,571
5641,639
5642,694
5643,599
5644,503
5645,423
5646,357
5647,303
5648,398
5649,494
5650,572
5651,639
5652,694
5653,597
5654,502
5655,422
5656,357
5657,302
5658,400
5659,496
5660,574
5661,640
5662,695
5663,595
5664,500
5665,421
5666,356
5667,301
5668,401
5669,497
5670,575
5671,641
5672,696
5673,594
5674,499
5675,420
5676,355
5677,300
5678,403
5679,498
5680,576
5681,642
5682,697
5683,593
5684,497
5685,419
5686,353
5687,300
5688,405
5689,499
5690,578
5691,643
5692,698
5693,591
5694,496
5695,418
5696,352
5697,298
5698,407
5699,500
5700,579
5701,644
5702,696
5703,590
5704,494
5705,417
5706,352
5707,299
5708,408
5709,503
5710,579
5711,646
5712,696
5713,588
5714,492
5715,416
5716,351
5717,299
5718,410
5719,503
5720,581
5721,646
5722,695
5723,586
5724,491
5725,415
5726,350
5727,300
5728,411
5729,505
5730,582
5731,647
5732,694
5733,584
5734,490
5735,414
5736,349
5737,302
5738,413
5739,506
5740,583
5741,648
5742,693
5743,583
5744,489
5745,412
5746,348
5747,303
5748,414
5749,508
5750,584
5751,649
5752,691
5753,581
5754,487
5755,411
5756,347
5757,304
5758,416
5759,509
5760,586
5761,650
5762,690
5763,579
5764,487
5765,409
5766,346
5767,306
5768,418
5769,510
5770,587
5771,651
5772,688
5773,578
5774,485
5775,409
5776,345
5777,308
5778,419
5779,512
5780,587
5781,652
5782,687
5783,576
5784,484
5785,408
5786,344
5787,309
5788,421
5789,513
5790,588
5791,653
5792,686
5793,575
5794,482
5795,407
5796,343
5797,311
5798,422
5799,514
5800,589
5801,653
5802,683
5803,571
5804,481
5805,405
5806,342
5807,312
5808,424
5809,516
5810,590
5811,655
5812,682
5813,571
5814,479
5815,404
5816,341
5817,315
5818,427
5819,516
5820,592
5821,655
5822,681
5823,569
5824,479
5825,403
5826,341
5827,316
5828,428
5829,518
5830,593
5831,656
5832,679
5833,567
5834,477
5835,402
5836,340
5837,317
5838,429
5839,519
5840,594
5841,657
5842,677
5843,566
5844,476
5845,401
5846,338
5847,320
5848,431
5849,520
5850,595
5851,658
5852,676
5853,564
5854,475
5855,400
5856,338
5857,322
5858,433
5859,522
5860,597
5861,659
5862,674
5863,562
5864,473
5865,398
5866,337
5867,323
5868,434
5869,523
5870,598
5871,660
5872,672
5873,562
5874,473
5875,398
5876,337
5877,325
5878,436
5879,524
5880,599
5881,660
5882,670
5883,559
5884,471
5885,396
5886,335
5887,327
5888,438
5889,526
5890,601
5891,662
5892,668
5893,559
5894,469
5895,396
5896,334
5897,330
5898,439
5899,527
5900,600
5901,663
5902,666
5903,556
5904,468
5905,395
5906,333
5907,332
5908,440
5909,529
5910,602
5911,664
5912,664
5913,555
5914,466
5915,394
5916,332
5917,333
5918,441
5919,529
5920,602
5921,665
5922,662
5923,554
5924,465
5925,393
5926,331
5927,336
5928,444
5929,531
5930,604
5931,666
5932,661
5933,552
5934,465
5935,391
5936,332
5937,337
5938,445
5939,532
5940,605
5941,666
5942,659
5943,550
5944,463
5945,390
5946,329
5947,340
5948,446
5949,534
5950,606
5951,667
5952,657
5953,549
5954,462
5955,390
5956,329
5957,342
5958,447
5959,535
5960,607
5961,668
5962,654
5963,547
5964,460
5965,388
5966,328
5967,344
5968,449
5969,536
5970,608
5971,669
5972,653
5973,546
5974,460
5975,387
5976,328
5977,346
5978,452
5979,538
5980,609
5981,670
5982,651
5983,545
5984,458
5985,386
5986,326
5987,348
5988,452
5989,539
5990,610
5991,671
5992,650
5993,544
5994,457
5995,386
5996,326
5997,349
5998,454
5999,540
6000,611
6001,672
6002,647
6003,542
6004,455
6005,384
6006,325
6007,351
6008,455
6009,541
6010,612
6011,672
6012,646
6013,539
6014,455
6015,382
6016,323
6017,352
6018,457
6019,542
6020,613
6021,673
6022,644
6023,538
6024,454
6025,382
6026,323
6027,354
6028,459
6029,543
6030,615
6031,674
6032,642
6033,536
6034,452
6035,381
6036,322
6037,355
6038,460
6039,544
6040,616
6041,675
6042,640
6043,535
6044,451
6045,380
6046,321
6047,358
6048,462
6049,545
6050,617
6051,676
6052,638
6053,533
6054,450
6055,379
6056,321
6057,360
6058,464
6059,549
6060,618
6061,677
6062,637
6063,532
6064,448
6065,378
6066,320
6067,361
6068,465
6069,548
6070,619
6071,678
6072,635
6073,530
6074,447
6075,377
6076,319
6077,363
6078,466
6079,549
6080,620
6081,678
6082,633
6083,529
6084,446
6085,375
6086,318
6087,365
6088,468
6089,550
6090,621
6091,680
6092,631
6093,527
6094,445
6095,374
6096,318
6097,367
6098,469
6099,551
6100,622
6101,680
6102,628
6103,526
6104,443
6105,373
6106,316
6107,368
6108,470
6109,552
6110,622
6111,680
6112,627
6113,524
6114,442
6115,373
6116,315
6117,370
6118,472
6119,554
6120,624
6121,681
6122,626
6123,524
6124,441
6125,372
6126,315
6127,373
6128,474
6129,556
6130,625
6131,683
6132,624
6133,522
6134,440
6135,371
6136,314
6137,374
6138,475
6139,557
6140,626
6141,684
6142,622
6143,520
6144,437
6145,370
6146,313
6147,377
6148,477
6149,558
6150,627
6151,684
6152,620
6153,519
6154,437
6155,369
6156,312
6157,377
6158,478
6159,559
6160,627
6161,685
6162,617
6163,517
6164,436
6165,367
6166,311
6167,380
6168,479
6169,561
6170,628
6171,687
6172,616
6173,517
6174,435
6175,368
6176,310
6177,383
6178,481
6179,562
6180,630
6181,687
6182,614
6183,515
6184,433
6185,366
6186,309
6187,384
6188,482
6189,563
6190,631
6191,688
6192,613
6193,513
6194,433
6195,365
6196,309
6197,385
6198,483
6199,563
6200,632
6201,688
6202,611
6203,512
6204,431
6205,364
6206,308
6207,387
6208,486
6209,565
6210,633
6211,689
6212,609
6213,510
6214,430
6215,362
6216,307
6217,388
6218,487
6219,566
6220,634
6221,690
6222,608
6223,509
6224,429
6225,362
6226,307
6227,390
6228,488
6229,567
6230,635
6231,691
6232,605
6233,507
6234,427
6235,361
6236,305
6237,391
6238,489
6239,568
6240,636
6241,691
6242,604
6243,506
6244,426
6245,360
6246,304
6247,394
6248,490
6249,570
6250,637
6251,693
6252,601
6253,505
6254,425
6255,360
6256,304
6257,396
6258,492
6259,571
6260,638
6261,694
6262,601
6263,503
6264,425
6265,357
6266,303
6267,398
6268,493
6269,572
6270,638
6271,694
6272,597
6273,502
6274,423
6275,357
6276,303
6277,399
6278,494
6279,573
6280,640
6281,694
6282,597
6283,501
6284,422
6285,356
6286,302
6287,401
6288,495
6289,575
6290,640
6291,696
6292,596
6293,499
6294,421
6295,355
6296,301
6297,403
6298,497
6299,576
6300,641
6301,697
6302,594
6303,498
6304,420
6305,354
6306,300
6307,405
6308,499
6309,577
6310,642
6311,697
6312,592
6313,496
6314,419
6315,353
6316,298
6317,406
6318,500
6319,578
6320,643
6321,697
6322,589
6323,495
6324,417
6325,352
6326,298
6327,407
6328,502
6329,579
6330,645
6331,696
6332,589
6333,493
6334,416
6335,351
6336,299
6337,409
6338,503
6339,580
6340,646
6341,695
6342,587
6343,492
6344,416
6345,350
6346,300
6347,410
6348,505
6349,581
6350,647
6351,694
6352,585
6353,491
6354,414
6355,350
6356,301
6357,412
6358,505
6359,582
6360,647
6361,692
6362,583
6363,489
6364,412
6365,348
6366,303
6367,413
6368,507
6369,583
6370,649
6371,692
6372,582
6373,489
6374,412
6375,347
6376,304
6377,416
6378,509
6379,584
6380,649
6381,690
6382,580
6383,487
6384,410
6385,346
6386,305
6387,417
6388,510
6389,586
6390,650
6391,689
6392,578
6393,486
6394,409
6395,346
6396,306
6397,419
6398,510
6399,587
6400,652
6401,687
6402,576
6403,484
6404,408
6405,345
6406,308
6407,420
6408,512
6409,588
6410,652
6411,686
6412,575
6413,483
6414,407
6415,343
6416,310
6417,422
6418,513
6419,589
6420,653
6421,686
6422,573
6423,483
6424,407
6425,344
6426,312
6427,424
6428,515
6429,591
6430,654
6431,684
6432,571
6433,481
6434,405
6435,342
6436,313
6437,425
6438,515
6439,591
6440,654
6441,682
6442,571
6443,479
6444,404
6445,341
6446,315
6447,427
6448,517
6449,593
6450,655
6451,680
6452,568
6453,478
6454,403
6455,341
6456,317
6457,429
6458,518
6459,594
6460,657
6461,678
6462,567
6463,477
6464,401
6465,339
6466,319
6467,431
6468,520
6469,595
6470,657
6471,677
6472,565
6473,476
6474,400
6475,339
6476,320
6477,432
6478,521
6479,596
6480,659
6481,674
6482,563
6483,474
6484,399
6485,337
6486,323
6487,434
6488,523
6489,597
6490,660
6491,673
6492,562
6493,473
6494,398
6495,337
6496,324
6497,435
6498,524
6499,598
6500,661
6501,670
6502,561
6503,471
6504,398
6505,336
6506,328
6507,437
6508,526
6509,599
6510,662
6511,668
6512,559
6513,469
6514,396
6515,334
6516,328
6517,437
6518,526
6519,600
6520,662
6521,666
6522,558
6523,469
6524,395
6525,334
6526,332
6527,439
6528,528
6529,602
6530,664
6531,666
6532,556
6533,468
6534,394
6535,333
6536,332
6537,442
6538,528
6539,603
6540,664
6541,664
6542,554
6543,466
6544,393
6545,332
6546,335
6547,442
6548,530
6549,603
6550,665
6551,661
6552,553
6553,465
6554,392
6555,331
6556,336
6557,444
6558,531
6559,604
6560,666
6561,659
6562,551
6563,463
6564,391
6565,330
6566,339
6567,445
6568,533
6569,605
6570,667
6571,657
6572,549
6573,462
6574,390
6575,329
6576,340
6577,448
6578,534
6579,607
6580,667
6581,656
6582,548
6583,462
6584,388
6585,329
6586,342
6587,449
6588,535
6589,608
6590,669
6591,655
6592,546
6593,460
6594,388
6595,328
6596,343
6597,450
6598,536
6599,608
6600,669
6601,652
6602,544
6603,459
6604,387
6605,327
6606,346
6607,452
6608,538
6609,611
6610,670
6611,651
6612,544
6613,458
6614,386
6615,326
6616,349
6617,454
6618,540
6619,611
6620,671
6621,650
6622,543
6623,457
6624,385
6625,326
6626,350
6627,456
6628,540
6629,612
6630,672
6631,647
6632,540
6633,455
6634,383
6635,325
6636,351
6637,457
6638,541
6639,613
6640,672
6641,645
6642,539
6643,454
6644,382
6645,324
6646,353
6647,458
6648,543
6649,614
6650,674
6651,643
6652,537
6653,453
6654,381
6655,323
6656,356
6657,460
6658,545
6659,615
6660,675
6661,641
6662,535
6663,452
6664,380
6665,322
6666,357
6667,461
6668,546
6669,616
6670,676
6671,640
6672,534
6673,450
6674,379
6675,322
6676,358
6677,463
6678,546
6679,617
6680,676
6681,637
6682,532
6683,449
6684,378
6685,320
6686,361
6687,464
6688,547
6689,618
6690,677
6691,636
6692,531
6693,448
6694,378
6695,319
6696,363
6697,466
6698,549
6699,620
6700,678
6701,634
6702,530
6703,447
6704,377
6705,319
6706,365
6707,467
6708,551
6709,620
6710,679
6711,631
6712,529
6713,445
6714,375
6715,318
6716,366
6717,468
6718,551
6719,621
6720,679
6721,630
6722,527
6723,444
6724,374
6725,317
6726,368
6727,470
6728,552
6729,623
6730,681
6731,628
6732,525
6733,443
6734,373
6735,316
6736,369
6737,471
6738,553
6739,623
6740,681
6741,626
6742,524
6743,442
6744,372
6745,315
6746,372
6747,473
6748,555
6749,624
6750,682
6751,624
6752,522
6753,441
6754,371
6755,314
6756,373
6757,474
6758,556
6759,625
6760,683
6761,623
6762,520
6763,439
6764,370
6765,313
6766,375
6767,476
6768,557
6769,626
6770,684
6771,621
6772,519
6773,438
6774,369
6775,313
6776,377
6777,478
6778,558
6779,627
6780,685
6781,619
6782,518
6783,437
6784,368
6785,312
6786,379
6787,478
6788,560
6789,628
6790,686
6791,617
6792,517
6793,435
6794,368
6795,311
6796,381
6797,479
6798,561
6799,630
6800,686
6801,615
6802,515
6803,434
6804,366
6805,310
6806,382
6807,482
6808,562
6809,631
6810,687
6811,614
6812,514
6813,433
6814,365
6815,309
6816,384
6817,483
6818,563
6819,631
6820,688
6821,612
6822,512
6823,432
6824,364
6825,309
6826,386
6827,485
6828,565
6829,633
6830,689
6831,610
6832,512
6833,430
6834,364
6835,307
6836,388
6837,485
6838,566
6839,633
6840,690
6841,608
6842,509
6843,430
6844,362
6845,307
6846,389
6847,487
6848,567
6849,635
6850,691
6851,607
6852,508
6853,428
6854,362
6855,306
6856,391
6857,489
6858,568
6859,636
6860,691
6861,605
6862,506
6863,427
6864,360
6865,305
6866,393
6867,490
6868,569
6869,637
6870,693
6871,603
6872,506
6873,426
6874,360
6875,305
6876,394
6877,491
6878,570
6879,637
6880,693
6881,601
6882,504
6883,425
6884,358
6885,303
6886,396
6887,493
6888,571
6889,639
6890,694
6891,599
6892,503
6893,423
6894,358
6895,303
6896,398
6897,494
6898,573
6899,639
6900,694
6901,597
6902,502
6903,422
6904,357
6905,302
6906,399
6907,495
6908,574
6909,640
6910,695
6911,595
6912,499
6913,422
6914,356
6915,302
6916,401
6917,496
6918,575
6919,641
6920,696
6921,594
6922,498
6923,420
6924,354
6925,301
6926,404
6927,497
6928,576
6929,642
6930,697
6931,593
6932,497
6933,419
6934,354
6935,300
6936,405
6937,499
6938,578
6939,643
6940,698
6941,591
6942,496
6943,418
6944,353
6945,299
6946,407
6947,500
6948,579
6949,644
6950,696
6951,589
6952,494
6953,417
6954,352
6955,298
6956,408
6957,502
6958,580
6959,645
6960,695
6961,588
6962,493
6963,415
6964,350
6965,299
6966,409
6967,504
6968,580
6969,646
6970,695
6971,585
6972,492
6973,414
6974,351
6975,300
6976,412
6977,504
6978,582
6979,647
6980,694
6981,584
6982,491
6983,413
6984,350
6985,301
6986,414
6987,505
6988,583
6989,648
6990,693
6991,582
6992,490
6993,412
6994,349
6995,302
6996,415
6997,507
6998,584
6999,648
7000,691
7001,580
7002,487
7003,410
7004,347
7005,304
7006,417
7007,508
7008,586
7009,650
7010,690
7011,578
7012,487
7013,409
7014,346
7015,305
7016,419
7017,510
7018,587
7019,650
7020,689
7021,577
7022,486
7023,409
7024,346
7025,307
7026,420
7027,511
7028,588
7029,651
7030,687
7031,575
7032,484
7033,407
7034,344
7035,308
7036,421
7037,512
7038,589
7039,652
7040,685
7041,575
7042,483
7043,407
7044,344
7045,311
7046,423
7047,514
7048,590
7049,653
7050,684
7051,572
7052,481
7053,405
7054,343
7055,312
7056,425
7057,515
7058,591
7059,654
7060,683
7061,571
7062,480
7063,404
7064,342
7065,314
7066,427
7067,516
7068,592
7069,655
7070,681
7071,569
7072,479
7073,403
7074,342
7075,316
7076,428
7077,518
7078,593
7079,656
7080,679
7081,567
7082,477
7083,401
7084,339
7085,318
7086,429
7087,519
7088,594
7089,657
7090,677
7091,567
7092,476
7093,401
7094,339
7095,321
7096,431
7097,521
7098,596
7099,658
7100,676
7101,565
7102,475
7103,400
7104,338
7105,322
7106,433
7107,522
7108,597
7109,659
7110,674
7111,563
7112,474
7113,398
7114,337
7115,323
7116,434
7117,522
7118,597
7119,660
7120,672
7121,561
7122,472
7123,398
7124,337
7125,326
7126,435
7127,524
7128,598
7129,660
7130,669
7131,559
7132,471
7133,396
7134,335
7135,327
7136,438
7137,525
7138,600
7139,662
7140,668
7141,558
7142,470
7143,395
7144,335
7145,329
7146,439
7147,527
7148,601
7149,662
7150,667
7151,556
7152,468
7153,394
7154,334
7155,331
7156,440
7157,528
7158,602
7159,663
7160,665
7161,555
7162,468
7163,393
7164,333
7165,333
7166,442
7167,529
7168,603
7169,664
7170,663
7171,554
7172,466
7173,393
7174,332
7175,336
7176,443
7177,532
7178,604
7179,666
7180,660
7181,552
7182,464
7183,391
7184,331
7185,337
7186,446
7187,532
7188,606
7189,666
7190,659
7191,551
7192,463
7193,390
7194,330
7195,338
7196,447
7197,533
7198,606
7199,667
7200,657
7201,548
7202,462
7203,389
7204,329
7205,341
7206,448
7207,534
7208,607
7209,668
7210,655
7211,547
7212,460
7213,388
7214,328
7215,343
7216,449
7217,536
7218,608
7219,669
7220,652
7221,546
7222,459
7223,388
7224,327
7225,346
7226,452
7227,537
7228,609
7229,669
7230,651
7231,544
7232,458
7233,386
7234,327
7235,346
7236,453
7237,538
7238,610
7239,671
7240,650
7241,542
7242,457
7243,385
7244,326
7245,349
7246,455
7247,540
7248,611
7249,671
7250,649
7251,542
7252,456
7253,384
7254,325
7255,351
7256,456
7257,541
7258,613
7259,672
7260,646
7261,540
7262,455
7263,383
7264,324
7265,352
7266,458
7267,542
7268,614
7269,673
7270,644
7271,538
7272,454
7273,382
7274,323
7275,354
7276,459
7277,543
7278,615
7279,674
7280,642
7281,536
7282,452
7283,380
7284,322
7285,356
7286,461
7287,544
7288,616
7289,675
7290,640
7291,535
7292,451
7293,380
7294,322
7295,358
7296,462
7297,546
7298,617
7299,676
7300,638
7301,534
7302,449
7303,379
7304,320
7305,361
7306,463
7307,548
7308,617
7309,677
7310,636
7311,532
7312,448
7313,378
7314,319
7315,362
7316,464
7317,548
7318,619
7319,678
7320,634
7321,531
7322,447
7323,377
7324,319
7325,365
7326,466
7327,550
7328,620
7329,679
7330,632
7331,530
7332,445
7333,376
7334,318
7335,366
7336,467
7337,551
7338,621
7339,679
7340,632
7341,529
7342,445
7343,376
7344,318
7345,367
7346,470
7347,552
7348,622
7349,680
7350,629
7351,526
7352,443
7353,374
7354,316
7355,368
7356,471
7357,553
7358,623
7359,681
7360,628
7361,525
7362,443
7363,373
7364,316
7365,371
7366,473
7367,554
7368,624
7369,682
7370,626
7371,524
7372,442
7373,372
7374,315
7375,373
7376,474
7377,556
7378,625
7379,683
7380,624
7381,522
7382,439
7383,370
7384,313
7385,374
7386,475
7387,557
7388,626
7389,684
7390,622
7391,520
7392,439
7393,370
7394,313
7395,376
7396,476
7397,557
7398,627
7399,684
7400,620
7401,519
7402,438
7403,368
7404,313
7405,378
7406,478
7407,559
7408,628
7409,686
7410,618
7411,517
7412,436
7413,367
7414,311
7415,380
7416,479
7417,560
7418,629
7419,686
7420,616
7421,516
7422,435
7423,367
7424,310
7425,382
7426,480
7427,561
7428,630
7429,687
7430,615
7431,515
7432,434
7433,366
7434,310
7435,383
7436,482
7437,562
7438,631
7439,688
7440,613
7441,513
7442,433
7443,365
7444,309
7445,385
7446,484
7447,564
7448,632
7449,688
7450,611
7451,511
7452,431
7453,364
7454,308
7455,386
7456,485
7457,565
7458,633
7459,689
7460,609
7461,510
7462,430
7463,362
7464,307
7465,388
7466,486
7467,567
7468,634
7469,690
7470,608
7471,510
7472,429
7473,362
7474,306
7475,390
7476,488
7477,567
7478,635
7479,691
7480,606
7481,507
7482,427
7483,361
7484,305
7485,393
7486,489
7487,569
7488,636
7489,692
7490,603
7491,507
7492,426
7493,360
7494,305
7495,395
7496,490
7497,570
7498,637
7499,693
7500,601
7501,505
7502,425
7503,359
7504,304
7505,396
7506,491
7507,572
7508,638
7509,694
7510,599
7511,503
7512,424
7513,358
7514,303
7515,397
7516,492
7517,572
7518,638
7519,694
7520,599
7521,502
7522,423
7523,357
7524,303
7525,400
7526,494
7527,574
7528,639
7529,696
7530,597
7531,500
7532,422
7533,356
7534,302
7535,401
7536,496
7537,575
7538,640
7539,696
7540,596
7541,499
7542,421
7543,355
7544,301
7545,403
7546,497
7547,576
7548,642
7549,696
7550,594
7551,497
7552,418
7553,354
7554,300
7555,404
7556,498
7557,577
7558,642
7559,696
7560,591
7561,497
7562,418
7563,354
7564,298
7565,405
7566,500
7567,578
7568,644
7569,698
7570,589
7571,496
7572,417
7573,353
7574,298
7575,407
7576,502
7577,579
7578,645
7579,696
7580,588
7581,493
7582,416
7583,351
7584,299
7585,409
7586,503
7587,580
7588,646
7589,695
7590,587
7591,492
7592,415
7593,351
7594,299
7595,411
7596,504
7597,582
7598,646
7599,694
7600,585
7601,491
7602,414
7603,349
7604,301
7605,412
7606,506
7607,582
7608,648
7609,693
7610,583
7611,490
7612,412
7613,349
7614,302
7615,415
7616,506
7617,584
7618,648
7619,692
7620,581
7621,489
7622,411
7623,348
7624,304
7625,416
7626,508
7627,585
7628,649
7629,691
7630,579
7631,487
7632,410
7633,347
7634,304
7635,417
7636,508
7637,586
7638,651
7639,689
7640,578
7641,486
7642,409
7643,346
7644,307
7645,419
7646,511
7647,587
7648,651
7649,688
7650,576
7651,485
7652,408
7653,346
7654,308
7655,421
7656,512
7657,588
7658,652
7659,687
7660,575
7661,483
7662,407
7663,344
7664,310
7665,423
7666,513
7667,590
7668,653
7669,685
7670,573
7671,482
7672,406
7673,343
7674,311
7675,424
7676,514
7677,591
7678,654
7679,683
7680,571
7681,480
7682,404
7683,342
7684,313
7685,425
7686,517
7687,591
7688,655
7689,681
7690,571
7691,479
7692,404
7693,341
7694,316
7695,428
7696,517
7697,593
7698,656
7699,680
7700,568
7701,478
7702,402
7703,340
7704,317
7705,429
7706,518
7707,594
7708,656
7709,679
7710,567
7711,477
7712,401
7713,340
7714,318
7715,430
7716,519
7717,595
7718,657
7719,676
7720,565
7721,475
7722,400
7723,338
7724,321
7725,432
7726,521
7727,595
7728,658
7729,675
7730,563
7731,475
7732,399
7733,338
7734,323
7735,434
7736,522
7737,597
7738,660
7739,672
7740,563
7741,472
7742,399
7743,336
7744,325
7745,435
7746,524
7747,598
7748,660
7749,670
7750,561
7751,471
7752,397
7753,335
7754,327
7755,436
7756,525
7757,599
7758,662
7759,669
7760,559
7761,470
7762,396
7763,335
7764,330
7765,438
7766,526
7767,600
7768,662
7769,667
7770,558
7771,468
7772,395
7773,334
7774,331
7775,440
7776,528
7777,601
7778,664
7779,665
7780,556
7781,467
7782,394
7783,333
7784,333
7785,441
7786,529
7787,602
7788,664
7789,663
7790,555
7791,466
7792,393
7793,332
7794,335
7795,442
7796,530
7797,603
7798,665
7799,661
7800,553
7801,464
7802,392
7803,331
7804,337
7805,444
7806,532
7807,604
7808,666
7809,660
7810,552
7811,464
7812,391
7813,331
7814,338
7815,447
7816,533
7817,606
7818,667
7819,658
7820,549
7821,463
7822,389
7823,329
7824,340
7825,448
7826,534
7827,607
7828,667
7829,656
7830,548
7831,461
7832,388
7833,329
7834,341
7835,449
7836,535
7837,608
7838,668
7839,654
7840,547
7841,460
7842,388
7843,328
7844,344
7845,451
7846,536
7847,609
7848,669
7849,652
7850,545
7851,457
7852,386
7853,327
7854,345
7855,451
7856,538
7857,610
7858,670
7859,650
7860,543
7861,457
7862,385
7863,326
7864,347
7865,454
7866,539
7867,610
7868,671
7869,648
7870,542
7871,456
7872,385
7873,325
7874,349
7875,455
7876,540
7877,612
7878,671
7879,646
7880,540
7881,455
7882,383
7883,324
7884,350
7885,456
7886,541
7887,613
7888,672
7889,645
7890,538
7891,454
7892,382
7893,324
7894,355
7895,458
7896,543
7897,614
7898,674
7899,643
7900,537
7901,453
7902,381
7903,323
7904,355
7905,460
7906,544
7907,615
7908,675
7909,641
7910,535
7911,451
7912,380
7913,322
7914,356
7915,461
7916,544
7917,616
7918,675
7919,639
7920,534
7921,450
7922,380
7923,321
7924,359
7925,463
7926,546
7927,618
7928,676
7929,637
7930,533
7931,449
7932,378
7933,320
7934,361
7935,464
7936,548
7937,619
7938,678
7939,636
7940,532
7941,448
7942,377
7943,320
7944,363
7945,466
7946,549
7947,619
7948,678
7949,634
7950,529
7951,446
7952,376
7953,319
7954,364
7955,467
7956,550
7957,620
7958,679
7959,632
7960,528
7961,445
7962,375
7963,317
7964,366
7965,469
7966,551
7967,621
7968,679
7969,630
7970,527
7971,444
7972,374
7973,317
7974,368
7975,470
7976,553
7977,623
7978,681
7979,626
7980,525
7981,442
7982,373
7983,316
7984,371
7985,471
7986,554
7987,623
7988,682
7989,627
7990,524
7991,442
7992,372
7993,315
7994,371
7995,473
7996,554
7997,624
7998,682
7999,624
8000,522
8001,440
8002,371
8003,314
8004,373
8005,475
8006,556
8007,626
8008,683
8009,623
8010,521
8011,439
8012,370
8013,314
8014,375
8015,476
8016,557
8017,627
8018,684
8019,621
8020,519
8021,438
8022,370
8023,313
8024,378
8025,478
8026,559
8027,628
8028,685
8029,619
8030,518
8031,437
8032,368
8033,312
8034,378
8035,478
8036,559
8037,628
8038,685
8039,617
8040,516
8041,436
8042,367
8043,311
8044,381
8045,480
8046,561
8047,630
8048,686
8049,616
8050,515
8051,434
8052,366
8053,310
8054,383
8055,482
8056,562
8057,631
8058,687
8059,614
8060,514
8061,433
8062,365
8063,309
8064,386
8065,483
8066,563
8067,631
8068,688
8069,611
8070,512
8071,432
8072,364
8073,308
8074,385
8075,484
8076,564
8077,632
8078,689
8079,610
8080,511
8081,430
8082,363
8083,307
8084,387
8085,486
8086,565
8087,634
8088,690
8089,608
8090,509
8091,430
8092,362
8093,307
8094,389
8095,487
8096,567
8097,635
8098,691
8099,607
8100,508
8101,428
8102,361
8103,306
8104,391
8105,489
8106,568
8107,636
8108,692
8109,605
8110,507
8111,427
8112,361
8113,305
8114,393
8115,489
8116,569
8117,636
8118,692
8119,602
8120,506
8121,425
8122,359
8123,304
8124,394
8125,491
8126,570
8127,637
8128,693
8129,602
8130,504
8131,425
8132,358
8133,303
8134,396
8135,493
8136,571
8137,639
8138,694
8139,599
8140,503
8141,423
8142,358
8143,303
8144,398
8145,494
8146,572
8147,639
8148,694
8149,597
8150,500
8151,422
8152,356
8153,302
8154,400
8155,495
8156,573
8157,640
8158,695
8159,595
8160,500
8161,421
8162,356
8163,301
8164,401
8165,497
8166,575
8167,641
8168,696
8169,594
8170,499
8171,420
8172,355
8173,300
8174,403
8175,498
8176,576
8177,642
8178,696
8179,592
8180,497
8181,418
8182,354
8183,299
8184,404
8185,499
8186,577
8187,643
8188,697
8189,590
8190,496
8191,418
8192,352
8193,299
8194,406
8195,501
8196,579
8197,644
8198,696
8199,589
8200,494
8201,417
8202,352
8203,298
8204,408
8205,502
8206,580
8207,645
8208,695
8209,588
8210,493
8211,416
8212,351
8213,299
8214,410
8215,504
8216,580
8217,646
8218,694
8219,587
8220,492
8221,415
8222,350
8223,301
8224,412
8225,504
8226,582
8227,647
8228,694
8229,584
8230,491
8231,413
8232,349
8233,300
8234,413
8235,507
8236,582
8237,648
8238,692
8239,582
8240,489
8241,412
8242,348
8243,304
8244,415
8245,508
8246,584
8247,649
8248,691
8249,581
8250,487
8251,411
8252,347
8253,305
8254,416
8255,509
8256,585
8257,650
8258,690
8259,580
8260,486
8261,410
8262,346
8263,306
8264,418
8265,511
8266,586
8267,651
8268,688
8269,578
8270,485
8271,409
8272,345
8273,307
8274,419
8275,511
8276,587
8277,652
8278,687
8279,576
8280,484
8281,407
8282,344
8283,308
8284,422
8285,512
8286,589
8287,652
8288,686
8289,575
8290,482
8291,407
8292,343
8293,312
8294,423
8295,514
8296,589
8297,654
8298,683
8299,573
8300,481
8301,406
8302,342
8303,313
8304,424
8305,516
8306,591
8307,655
8308,682
8309,572
8310,480
8311,405
8312,342
8313,314
8314,426
8315,517
8316,591
8317,655
8318,680
8319,570
8320,478
8321,403
8322,341
8323,316
8324,427
8325,519
8326,594
8327,656
8328,679
8329,568
8330,477
8331,402
8332,339
8333,319
8334,429
8335,520
8336,594
8337,657
8338,677
8339,567
8340,476
8341,402
8342,339
8343,321
8344,431
8345,521
8346,595
8347,658
8348,675
8349,565
8350,474
8351,400
8352,338
8353,322
8354,432
8355,522
8356,596
8357,659
8358,673
8359,563
8360,473
8361,399
8362,337
8363,324
8364,435
8365,523
8366,598
8367,660
8368,672
8369,561
8370,473
8371,397
8372,337
8373,325
8374,436
8375,524
8376,599
8377,661
8378,670
8379,559
8380,471
8381,396
8382,336
8383,328
8384,438
8385,525
8386,600
8387,662
8388,669
8389,558
8390,470
8391,396
8392,335
8393,329
8394,439
8395,527
8396,601
8397,662
8398,667
8399,556
8400,468
8401,394
8402,334
8403,331
8404,441
8405,528
8406,601
8407,663
8408,664
8409,555
8410,467
8411,393
8412,333
8413,333
8414,442
8415,529
8416,603
8417,664
8418,663
8419,553
8420,465
8421,393
8422,332
8423,336
8424,443
8425,531
8426,604
8427,666
8428,660
8429,552
8430,464
8431,392
8432,331
8433,337
8434,444
8435,532
8436,604
8437,666
8438,658
8439,551
8440,463
8441,391
8442,330
8443,340
8444,446
8445,534
8446,607
8447,667
8448,656
8449,548
8450,461
8451,389
8452,329
8453,341
8454,448
8455,534
8456,607
8457,668
8458,656
8459,547
8460,461
8461,388
8462,328
8463,343
8464,450
8465,536
8466,609
8467,669
8468,654
8469,545
8470,459
8471,387
8472,328
8473,344
8474,451
8475,536
8476,609
8477,669
8478,651
8479,544
8480,458
8481,386
8482,326
8483,347
8484,452
8485,539
8486,610
8487,671
8488,649
8489,543
8490,457
8491,385
8492,326
8493,350
8494,455
8495,540
8496,612
8497,671
8498,648
8499,541
8500,456
8501,384
8502,325
8503,350
8504,456
8505,541
8506,613
8507,672
8508,646
8509,539
8510,455
8511,383
8512,324
8513,352
8514,457
8515,541
8516,613
8517,673
8518,644
8519,538
8520,453
8521,382
8522,323
8523,354
8524,459
8525,543
8526,615
8527,674
8528,642
8529,536
8530,452
8531,381
8532,323
8533,356
8534,461
8535,545
8536,615
8537,675
8538,639
8539,535
8540,451
8541,380
8542,322
8543,358
8544,462
8545,546
8546,617
8547,676
8548,639
8549,533
8550,450
8551,379
8552,320
8553,359
8554,463
8555,546
8556,618
8557,676
8558,637
8559,532
8560,449
8561,377
8562,320
8563,362
8564,465
8565,548
8566,619
8567,677
8568,635
8569,531
8570,447
8571,377
8572,319
8573,364
8574,467
8575,549
8576,620
8577,679
8578,633
8579,530
8580,446
8581,376
8582,318
8583,366
8584,467
8585,551
8586,621
8587,680
8588,630
8589,528
8590,445
8591,375
8592,318
8593,367
8594,469
8595,551
8596,622
8597,680
8598,629
8599,526
8600,443
8601,373
8602,316
8603,369
8604,471
8605,553
8606,623
8607,681
8608,628
8609,525
8610,443
8611,373
8612,316
8613,371
8614,473
8615,555
8616,624
8617,682
8618,627
8619,523
8620,441
8621,372
8622,315
8623,374
8624,474
8625,556
8626,625
8627,683
8628,624
8629,522
8630,440
8631,371
8632,314
8633,374
8634,475
8635,556
8636,626
8637,684
8638,622
8639,520
8640,439
8641,370
8642,313
8643,376
8644,477
8645,558
8646,627
8647,685
8648,620
8649,519
8650,437
8651,368
8652,312
8653,378
8654,478
8655,559
8656,628
8657,685
8658,618
8659,518
8660,436
8661,368
8662,311
8663,379
8664,479
8665,560
8666,628
8667,686
8668,616
8669,516
8670,435
8671,367
8672,311
8673,381
8674,480
8675,561
8676,630
8677,686
8678,614
8679,514
8680,434
8681,365
8682,309
8683,383
8684,482
8685,562
8686,631
8687,688
8688,613
8689,513
8690,433
8691,365
8692,309
8693,385
8694,484
8695,564
8696,632
8697,688
8698,611
8699,512
8700,432
8701,364
8702,308
8703,387
8704,485
8705,565
8706,633
8707,690
8708,609
8709,511
8710,430
8711,363
8712,307
8713,389
8714,485
8715,567
8716,634
8717,690
8718,607
8719,508
8720,429
8721,362
8722,306
8723,390
8724,488
8725,567
8726,635
8727,691
8728,606
8729,507
8730,428
8731,360
8732,306
8733,392
8734,489
8735,568
8736,636
8737,692
8738,604
8739,506
8740,427
8741,360
8742,305
8743,394
8744,491
8745,570
8746,638
8747,694
8748,602
8749,505
8750,425
8751,359
8752,304
8753,395
8754,492
8755,570
8756,638
8757,693
8758,601
8759,503
8760,424
8761,358
8762,303
8763,397
8764,493
8765,572
8766,639
8767,694
8768,598
8769,502
8770,423
8771,357
8772,303
8773,399
8774,495
8775,573
8776,640
8777,694
8778,596
8779,501
8780,421
8781,356
8782,301
8783,400
8784,496
8785,574
8786,641
8787,696
8788,595
8789,500
8790,421
8791,355
8792,302
8793,402
8794,496
8795,575
8796,641
8797,696
8798,593
8799,498
8800,419
8801,355
8802,300
8803,403
8804,499
8805,577
8806,643
8807,697
8808,591
8809,497
8810,418
8811,354
8812,299
8813,405
8814,501
8815,578
8816,644
8817,698
8818,590
8819,496
8820,417
8821,353
8822,298
8823,407
8824,502
8825,579
8826,645
8827,696
8828,589
8829,493
8830,416
8831,351
8832,299
8833,408
8834,502
8835,579
8836,645
8837,695
8838,586
8839,493
8840,415
8841,351
8842,299
8843,411
8844,504
8845,582
8846,646
8847,694
8848,584
8849,491
8850,413
8851,350
8852,300
8853,413
8854,505
8855,583
8856,647
8857,694
8858,583
8859,490
8860,412
8861,349
8862,302
8863,415
8864,506
8865,584
8866,648
8867,692
8868,581
8869,489
8870,411
8871,348
8872,303
8873,416
8874,507
8875,585
8876,649
8877,690
8878,580
8879,487
8880,410
8881,346
8882,305
8883,417
8884,510
8885,586
8886,650
8887,689
8888,579
8889,486
8890,410
8891,346
8892,307
8893,419
8894,511
8895,587
8896,651
8897,687
8898,577
8899,484
8900,408
8901,345
8902,309
8903,420
8904,513
8905,588
8906,653
8907,686
8908,576
8909,483
8910,408
8911,344
8912,310
8913,422
8914,513
8915,589
8916,653
8917,684
8918,572
8919,481
8920,405
8921,343
8922,312
8923,424
8924,515
8925,590
8926,654
8927,683
8928,572
8929,480
8930,405
8931,342
8932,314
8933,425
8934,516
8935,591
8936,655
8937,681
8938,571
8939,479
8940,404
8941,341
8942,317
8943,427
8944,518
8945,592
8946,656
8947,679
8948,569
8949,477
8950,403
8951,340
8952,317
8953,428
8954,519
8955,593
8956,657
8957,678
8958,568
8959,476
8960,401
8961,340
8962,320
8963,431
8964,520
8965,595
8966,658
8967,676
8968,566
8969,475
8970,401
8971,338
8972,322
8973,432
8974,522
8975,595
8976,659
8977,674
8978,564
8979,474
8980,400
8981,337
8982,324
8983,433
8984,523
8985,596
8986,660
8987,672
8988,563
8989,473
8990,399
8991,337
8992,326
8993,434
8994,524
8995,597
8996,660
8997,670
8998,561
8999,471
9000,397
9001,335
9002,327
9003,437
9004,525
9005,599
9006,661
9007,669
9008,559
9009,470
9010,396
9011,335
9012,328
9013,439
9014,526
9015,600
9016,662
9017,667
9018,557
9019,469
9020,395
9021,334
9022,330
9023,440
9024,528
9025,602
9026,663
9027,666
9028,555
9029,468
9030,394
9031,333
9032,332
9033,441
9034,528
9035,602
9036,663
9037,663
9038,554
9039,467
9040,393
9041,333
9042,335
9043,443
9044,530
9045,604
9046,665
9047,662
9048,553
9049,465
9050,392
9051,332
9052,336
9053,445
9054,531
9055,605
9056,666
9057,660
9058,551
9059,464
9060,391
9061,331
9062,338
9063,446
9064,532
9065,606
9066,667
9067,658
9068,549
9069,463
9070,390
9071,330
9072,339
9073,447
9074,533
9075,607
9076,667
9077,656
9078,548
9079,461
9080,388
9081,329
9082,342
9083,449
9084,535
9085,608
9086,668
9087,654
9088,546
9089,460
9090,388
9091,328
9092,344
9093,450
9094,537
9095,608
9096,670
9097,652
9098,546
9099,459
9100,387
9101,327
9102,346
9103,453
9104,538
9105,610
9106,670
9107,651
9108,543
9109,458
9110,386
9111,326
9112,347
9113,454
9114,539
9115,611
9116,670
9117,648
9118,541
9119,456
9120,384
9121,326
9122,348
9123,455
9124,540
9125,611
9126,672
9127,647
9128,539
9129,455
9130,383
9131,323
9132,351
9133,456
9134,541
9135,613
9136,672
9137,645
9138,539
9139,454
9140,382
9141,324
9142,353
9143,458
9144,543
9145,614
9146,674
9147,642
9148,538
9149,452
9150,382
9151,322
9152,356
9153,459
9154,544
9155,614
9156,675
9157,640
9158,536
9159,451
9160,381
9161,322
9162,358
9163,461
9164,546
9165,616
9166,676
9167,639
9168,535
9169,449
9170,380
9171,321
9172,360
9173,462
9174,546
9175,617
9176,676
9177,637
9178,532
9179,448
9180,379
9181,320
9182,362
9183,464
9184,548
9185,618
9186,677
9187,635
9188,532
9189,447
9190,377
9191,319
9192,362
9193,466
9194,548
9195,619
9196,678
9197,633
9198,529
9199,446
9200,376
9201,318
9202,364
9203,467
9204,550
9205,620
9206,679
9207,633
9208,528
9209,446
9210,375
9211,319
9212,366
9213,469
9214,551
9215,622
9216,680
9217,629
9218,527
9219,443
9220,374
9221,316
9222,368
9223,470
9224,552
9225,623
9226,680
9227,629
9228,526
9229,444
9230,374
9231,316
9232,370
9233,472
9234,553
9235,623
9236,681
9237,626
9238,524
9239,442
9240,372
9241,315
9242,371
9243,473
9244,554
9245,624
9246,682
9247,624
9248,522
9249,440
9250,371
9251,314
9252,373
9253,474
9254,556
9255,626
9256,683
9257,623
9258,521
9259,438
9260,370
9261,313
9262,375
9263,475
9264,557
9265,627
9266,684
9267,621
9268,519
9269,438
9270,369
9271,313
9272,377
9273,477
9274,559
9275,627
9276,685
9277,618
9278,518
9279,436
9280,368
9281,311
9282,380
9283,478
9284,560
9285,628
9286,686
9287,617
9288,517
9289,435
9290,368
9291,311
9292,382
9293,480
9294,562
9295,629
9296,687
9297,615
9298,516
9299,434
9300,366
9301,310
9302,382
9303,481
9304,562
9305,630
9306,687
9307,613
9308,515
9309,433
9310,366
9311,309
9312,384
9313,482
9314,564
9315,631
9316,689
9317,612
9318,512
9319,432
9320,364
9321,308
9322,386
9323,485
9324,564
9325,633
9326,689
9327,610
9328,511
9329,431
9330,363
9331,308
9332,387
9333,486
9334,565
9335,633
9336,690
9337,609
9338,509
9339,430
9340,362
9341,307
9342,389
9343,487
9344,568
9345,634
9346,690
9347,606
9348,508
9349,428
9350,361
9351,306
9352,390
9353,488
9354,567
9355,635
9356,691
9357,605
9358,506
9359,427
9360,361
9361,305
9362,394
9363,489
9364,570
9365,636
9366,693
9367,602
9368,506
9369,426
9370,360
9371,304
9372,395
9373,491
9374,571
9375,637
9376,693
9377,601
9378,504
9379,424
9380,359
9381,303
9382,396
9383,493
9384,571
9385,638
9386,694
9387,599
9388,502
9389,423
9390,358
9391,303
9392,398
9393,493
9394,573
9395,639
9396,694
9397,598
9398,501
9399,422
9400,356
9401,302
9402,401
9403,495
9404,575
9405,640
9406,696
9407,596
9408,500
9409,422
9410,356
9411,302
9412,402
9413,496
9414,575
9415,641
9416,696
9417,595
9418,498
9419,420
9420,354
9421,301
9422,404
9423,498
9424,577
9425,642
9426,697
9427,593
9428,497
9429,419
9430,354
9431,300
9432,404
9433,498
9434,577
9435,642
9436,697
9437,591
9438,496
9439,418
9440,353
9441,299
9442,407
9443,500
9444,579
9445,644
9446,696
9447,589
9448,494
9449,417
9450,351
9451,298
9452,408
9453,502
9454,580
9455,645
9456,696
9457,588
9458,493
9459,416
9460,351
9461,300
9462,409
9463,504
9464,581
9465,646
9466,695
9467,586
9468,491
9469,415
9470,350
9471,300
9472,411
9473,505
9474,582
9475,647
9476,694
9477,584
9478,490
9479,413
9480,349
9481,302
9482,413
9483,506
9484,583
9485,648
9486,692
9487,582
9488,489
9489,412
9490,348
9491,303
9492,415
9493,507
9494,584
9495,648
9496,691
9497,580
9498,488
9499,411
9500,347
9501,304
9502,417
9503,509
9504,586
9505,649
9506,690
9507,579
9508,487
9509,410
9510,347
9511,305
9512,418
9513,510
9514,586
9515,652
9516,689
9517,578
9518,485
9519,409
9520,345
9521,307
9522,420
9523,511
9524,588
9525,651
9526,687
9527,575
9528,484
9529,407
9530,344
9531,310
9532,421
9533,513
9534,589
9535,653
9536,686
9537,574
9538,483
9539,406
9540,344
9541,311
9542,424
9543,514
9544,590
9545,653
9546,685
9547,572
9548,482
9549,405
9550,343
9551,312
9552,424
9553,515
9554,591
9555,654
9556,683
9557,571
9558,479
9559,405
9560,342
9561,314
9562,426
9563,516
9564,593
9565,655
9566,681
9567,569
9568,479
9569,403
9570,341
9571,316
9572,428
9573,518
9574,594
9575,656
9576,679
9577,567
9578,478
9579,402
9580,340
9581,318
9582,430
9583,519
9584,594
9585,657
9586,677
9587,566
9588,476
9589,401
9590,339
9591,320
9592,431
9593,520
9594,595
9595,658
9596,675
9597,564
9598,475
9599,399
9600,338
9601,321
9602,433
9603,522
9604,597
9605,659
9606,674
9607,563
9608,474
9609,399
9610,338
9611,324
9612,435
9613,523
9614,598
9615,660
9616,671
9617,562
9618,472
9619,399
9620,336
9621,326
9622,435
9623,525
9624,599
9625,661
9626,669
9627,560
9628,470
9629,397
9630,335
9631,328
9632,436
9633,526
9634,599
9635,661
9636,667
9637,559
9638,469
9639,396
9640,335
9641,331
9642,439
9643,528
9644,601
9645,663
9646,666
9647,557
9648,468
9649,394
9650,334
9651,332
9652,441
9653,528
9654,602
9655,663
9656,665
9657,555
9658,467
9659,394
9660,333
9661,334
9662,442
9663,530
9664,603
9665,665
9666,662
9667,554
9668,465
9669,393
9670,332
9671,336
9672,443
9673,531
9674,603
9675,666
9676,660
9677,552
9678,464
9679,392
9680,331
9681,338
9682,445
9683,532
9684,605
9685,666
9686,659
9687,551
9688,464
9689,391
9690,330
9691,340
9692,446
9693,534
9694,606
9695,667
9696,656
9697,550
9698,461
9699,390
9700,329
9701,342
9702,448
9703,535
9704,607
9705,668
9706,655
9707,548
9708,461
9709,389
9710,328
9711,343
9712,450
9713,536
9714,608
9715,669
9716,652
9717,546
9718,459
9719,387
9720,327
9721,346
9722,451
9723,538
9724,609
9725,670
9726,652
9727,545
9728,459
9729,387
9730,327
9731,347
9732,453
9733,538
9734,611
9735,671
9736,650
9737,543
9738,457
9739,385
9740,326
9741,348
9742,454
9743,540
9744,610
9745,671
9746,647
9747,541
9748,455
9749,384
9750,324
9751,350
9752,455
9753,540
9754,612
9755,672
9756,646
9757,540
9758,455
9759,383
9760,324
9761,353
9762,458
9763,542
9764,614
9765,674
9766,644
9767,538
9768,453
9769,382
9770,323
9771,355
9772,459
9773,544
9774,615
9775,675
9776,642
9777,536
9778,452
9779,381
9780,323
9781,356
9782,461
9783,545
9784,616
9785,675
9786,640
9787,535
9788,451
9789,380
9790,322
9791,358
9792,462
9793,545
9794,616
9795,675
9796,638
9797,533
9798,450
9799,379
9800,320
9801,359
9802,464
9803,547
9804,618
9805,676
9806,637
9807,532
9808,448
9809,378
9810,320
9811,362
9812,465
9813,548
9814,618
9815,678
9816,634
9817,530
9818,447
9819,377
9820,319
9821,363
9822,467
9823,549
9824,620
9825,678
9826,633
9827,529
9828,446
9829,376
9830,318
9831,365
9832,467
9833,550
9834,621
9835,679
9836,631
9837,527
9838,445
9839,375
9840,317
9841,367
9842,469
9843,552
9844,622
9845,680
9846,629
9847,526
9848,443
9849,373
9850,316
9851,369
9852,471
9853,553
9854,623
9855,681
9856,628
9857,526
9858,443
9859,373
9860,316
9861,371
9862,473
9863,555
9864,624
9865,682
9866,626
9867,523
9868,441
9869,372
9870,315
9871,372
9872,474
9873,555
9874,625
9875,683
9876,623
9877,521
9878,440
9879,371
9880,314
9881,374
9882,475
9883,557
9884,626
9885,683
9886,622
9887,521
9888,439
9889,370
9890,313
9891,376
9892,477
9893,558
9894,627
9895,684
9896,620
9897,519
9898,437
9899,368
9900,311
9901,378
9902,477
9903,559
9904,627
9905,686
9906,618
9907,518
9908,436
9909,368
9910,311
9911,379
9912,479
9913,560
9914,629
9915,686
9916,616
9917,516
9918,435
9919,366
9920,310
9921,381
9922,481
9923,561
9924,630
9925,687
9926,615
9927,514
9928,433
9929,366
9930,309
9931,383
9932,482
9933,562
9934,631
9935,688
9936,613
9937,513
9938,433
9939,365
9940,309
9941,386
9942,483
9943,564
9944,632
9945,688
9946,610
9947,511
9948,432
9949,363
9950,308
9951,386
9952,485
9953,565
9954,633
9955,689
9956,610
9957,510
9958,431
9959,363
9960,307
9961,389
9962,487
9963,566
9964,634
9965,690
9966,608
9967,508
9968,429
9969,362
9970,306
9971,390
9972,488
9973,567
9974,636
9975,691
9976,606
9977,508
9978,428
9979,361
9980,306
9981,392
9982,489
9983,568
9984,636
9985,692
9986,604
9987,506
9988,427
9989,360
9990,305
9991,394
9992,490
9993,570
9994,636
9995,693
9996,601
9997,505
9998,425
9999,359
10000,303
