1,190
2,162
3,136
4,115
5,98
6,83
7,70
8,60
9,51
10,44
11,54
12,198
13,319
14,420
15,506
16,580
17,643
18,696
19,741
20,780
21,813
22,841
23,866
24,886
25,904
26,920
27,929
28,791
29,669
30,566
31,479
32,407
33,345
34,293
35,249
36,211
37,180
38,154
39,131
40,112
41,96
42,82
43,71
44,192
45,315
46,418
47,505
48,580
49,643
50,697
51,742
52,782
53,815
54,844
55,868
56,888
57,906
58,922
59,934
60,831
61,702
62,594
63,504
64,427
65,362
66,308
67,262
68,223
69,190
70,162
71,138
72,118
73,101
74,87
75,75
76,158
77,287
78,395
79,486
80,563
81,629
82,685
83,732
84,773
85,808
86,837
87,863
88,884
89,902
90,918
91,932
92,869
93,733
94,621
95,526
96,446
97,378
98,322
99,273
100,233
101,198
102,169
103,144
104,123
105,105
106,91
107,78
108,120
109,256
110,369
111,464
112,545
113,613
114,672
115,721
116,763
117,800
118,830
119,857
120,879
121,898
122,915
123,929
124,907
125,765
126,647
127,548
128,465
129,394
130,335
131,285
132,242
133,206
134,175
135,150
136,129
137,110
138,95
139,81
140,82
141,223
142,342
143,442
144,525
145,597
146,658
147,709
148,753
149,791
150,823
151,851
152,874
153,894
154,911
155,925
156,938
157,799
158,675
159,572
160,485
161,411
162,349
163,297
164,252
165,215
166,183
167,157
168,134
169,115
170,98
171,84
172,72
173,189
174,313
175,417
176,505
177,580
178,643
179,696
180,743
181,782
182,815
183,844
184,868
185,889
186,907
187,922
188,935
189,835
190,705
191,597
192,506
193,430
194,364
195,309
196,263
197,225
198,191
199,163
200,140
201,119
202,102
203,88
204,75
205,154
206,284
207,393
208,484
209,562
210,628
211,684
212,732
213,772
214,807
215,837
216,862
217,884
218,902
219,918
220,932
221,873
222,736
223,623
224,527
225,448
226,380
227,323
228,275
229,234
230,199
231,170
232,145
233,124
234,106
235,91
236,78
237,116
238,254
239,367
240,462
241,543
242,612
243,670
244,720
245,763
246,799
247,830
248,856
249,879
250,898
251,915
252,929
253,911
254,768
255,650
256,550
257,468
258,396
259,337
260,286
261,244
262,207
263,177
264,151
265,129
266,111
267,95
268,82
269,79
270,220
271,340
272,439
273,524
274,595
275,657
276,708
277,752
278,790
279,822
280,850
281,873
282,893
283,910
284,925
285,937
286,802
287,678
288,574
289,487
290,414
291,351
292,298
293,254
294,216
295,184
296,157
297,134
298,115
299,98
300,84
301,73
302,186
303,310
304,414
305,503
306,578
307,642
308,696
309,742
310,781
311,815
312,843
313,868
314,889
315,907
316,922
317,935
318,840
319,709
320,600
321,508
322,431
323,366
324,311
325,265
326,225
327,192
328,163
329,140
330,119
331,102
332,88
333,76
334,150
335,282
336,390
337,483
338,559
339,626
340,683
341,731
342,771
343,806
344,836
345,862
346,883
347,902
348,918
349,932
350,877
351,739
352,625
353,530
354,449
355,381
356,324
357,275
358,235
359,200
360,170
361,146
362,125
363,107
364,91
365,79
366,113
367,251
368,364
369,460
370,542
371,610
372,669
373,719
374,761
375,798
376,829
377,855
378,879
379,898
380,914
381,928
382,915
383,771
384,652
385,552
386,469
387,398
388,338
389,288
390,244
391,208
392,178
393,152
394,130
395,111
396,96
397,82
398,76
399,217
400,338
401,436
402,522
403,594
404,655
405,707
406,751
407,789
408,821
409,849
410,873
411,893
412,910
413,925
414,937
415,805
416,681
417,577
418,489
419,415
420,352
421,299
422,255
423,217
424,185
425,158
426,135
427,115
428,99
429,85
430,73
431,183
432,308
433,413
434,501
435,576
436,640
437,694
438,741
439,780
440,814
441,843
442,867
443,888
444,906
445,921
446,934
447,843
448,711
449,602
450,510
451,432
452,367
453,312
454,265
455,226
456,193
457,164
458,140
459,120
460,104
461,88
462,76
463,147
464,279
465,388
466,480
467,558
468,625
469,682
470,729
471,770
472,805
473,835
474,861
475,883
476,902
477,918
478,932
479,880
480,742
481,628
482,532
483,451
484,383
485,325
486,277
487,235
488,200
489,171
490,146
491,125
492,107
493,92
494,79
495,109
496,248
497,362
498,458
499,540
500,609
501,668
502,718
503,761
504,797
505,828
506,855
507,878
508,897
509,914
510,928
511,918
512,774
513,656
514,556
515,471
516,400
517,339
518,288
519,245
520,209
521,178
522,152
523,130
524,111
525,95
526,82
527,73
528,214
529,334
530,435
531,520
532,592
533,654
534,706
535,750
536,788
537,821
538,849
539,872
540,893
541,910
542,924
543,937
544,808
545,685
546,579
547,491
548,416
549,353
550,301
551,256
552,217
553,185
554,158
555,135
556,116
557,99
558,86
559,73
560,180
561,306
562,411
563,500
564,575
565,639
566,694
567,740
568,779
569,813
570,842
571,867
572,888
573,905
574,921
575,934
576,846
577,713
578,604
579,512
580,434
581,368
582,313
583,267
584,227
585,193
586,165
587,141
588,120
589,103
590,89
591,76
592,143
593,276
594,386
595,479
596,557
597,623
598,680
599,728
600,770
601,804
602,835
603,860
604,882
605,901
606,917
607,931
608,884
609,745
610,630
611,534
612,453
613,384
614,327
615,278
616,236
617,201
618,172
619,147
620,126
621,108
622,92
623,79
624,105
625,245
626,359
627,456
628,538
629,607
630,667
631,717
632,760
633,796
634,828
635,854
636,877
637,896
638,913
639,928
640,919
641,778
642,659
643,558
644,473
645,401
646,341
647,290
648,247
649,210
650,179
651,153
652,130
653,112
654,96
655,82
656,73
657,211
658,332
659,433
660,518
661,591
662,653
663,705
664,749
665,787
666,820
667,848
668,872
669,892
670,909
671,924
672,937
673,813
674,686
675,581
676,493
677,418
678,355
679,302
680,257
681,218
682,186
683,159
684,136
685,116
686,100
687,85
688,73
689,177
690,303
691,408
692,497
693,573
694,638
695,692
696,739
697,778
698,812
699,841
700,866
701,887
702,905
703,921
704,934
705,850
706,716
707,607
708,514
709,436
710,370
711,314
712,268
713,228
714,194
715,165
716,141
717,121
718,104
719,89
720,77
721,140
722,274
723,383
724,476
725,555
726,622
727,678
728,727
729,768
730,804
731,834
732,860
733,882
734,901
735,917
736,931
737,887
738,748
739,633
740,536
741,455
742,386
743,328
744,279
745,237
746,202
747,172
748,147
749,126
750,108
751,92
752,79
753,102
754,242
755,357
756,454
757,536
758,606
759,665
760,716
761,759
762,796
763,827
764,854
765,877
766,896
767,913
768,927
769,924
770,782
771,662
772,560
773,475
774,402
775,342
776,291
777,247
778,211
779,179
780,153
781,131
782,112
783,96
784,83
785,70
786,209
787,329
788,430
789,516
790,589
791,651
792,703
793,748
794,787
795,819
796,847
797,871
798,891
799,909
800,924
801,936
802,816
803,689
804,584
805,495
806,419
807,357
808,303
809,258
810,220
811,187
812,160
813,137
814,117
815,100
816,86
817,74
818,175
819,300
820,406
821,495
822,571
823,636
824,691
825,738
826,777
827,812
828,841
829,866
830,887
831,905
832,920
833,934
834,853
835,719
836,609
837,516
838,438
839,372
840,316
841,269
842,229
843,195
844,166
845,142
846,122
847,104
848,89
849,77
850,137
851,270
852,381
853,474
854,553
855,620
856,677
857,726
858,767
859,803
860,833
861,860
862,881
863,900
864,916
865,930
866,891
867,751
868,635
869,538
870,457
871,387
872,329
873,280
874,238
875,203
876,173
877,148
878,127
879,108
880,93
881,80
882,98
883,238
884,354
885,452
886,535
887,605
888,664
889,715
890,758
891,795
892,827
893,854
894,877
895,896
896,913
897,927
898,927
899,785
900,664
901,562
902,477
903,404
904,343
905,292
906,248
907,212
908,180
909,154
910,131
911,113
912,96
913,83
914,70
915,206
916,327
917,428
918,514
919,587
920,650
921,702
922,747
923,786
924,818
925,847
926,871
927,891
928,908
929,924
930,936
931,820
932,692
933,586
934,496
935,421
936,358
937,304
938,259
939,220
940,188
941,160
942,137
943,117
944,100
945,86
946,74
947,169
948,298
949,404
950,494
951,570
952,635
953,690
954,737
955,776
956,811
957,840
958,865
959,886
960,904
961,920
962,933
963,857
964,722
965,611
966,518
967,439
968,373
969,317
970,269
971,230
972,196
973,167
974,143
975,122
976,105
977,90
978,77
979,133
980,268
981,379
982,471
983,551
984,619
985,676
986,725
987,767
988,803
989,833
990,859
991,881
992,900
993,916
994,930
995,895
996,754
997,638
998,540
999,458
1000,389
1001,331
1002,281
1003,240
1004,204
1005,174
1006,148
1007,127
1008,109
1009,94
1010,80
1011,95
1012,236
1013,351
1014,450
1015,532
1016,603
1017,662
1018,713
1019,756
1020,794
1021,825
1022,853
1023,875
1024,895
1025,912
1026,927
1027,930
1028,787
1029,666
1030,564
1031,479
1032,405
1033,345
1034,294
1035,249
1036,213
1037,182
1038,155
1039,132
1040,113
1041,97
1042,83
1043,72
1044,202
1045,323
1046,426
1047,512
1048,585
1049,648
1050,701
1051,747
1052,785
1053,818
1054,846
1055,870
1056,891
1057,908
1058,924
1059,936
1060,823
1061,696
1062,589
1063,499
1064,423
1065,359
1066,306
1067,260
1068,221
1069,189
1070,160
1071,138
1072,118
1073,101
1074,87
1075,74
1076,166
1077,294
1078,401
1079,491
1080,568
1081,633
1082,689
1083,735
1084,776
1085,810
1086,839
1087,864
1088,886
1089,904
1090,920
1091,933
1092,860
1093,725
1094,615
1095,520
1096,442
1097,375
1098,318
1099,271
1100,230
1101,197
1102,167
1103,143
1104,123
1105,105
1106,90
1107,77
1108,129
1109,264
1110,375
1111,469
1112,549
1113,617
1114,675
1115,724
1116,766
1117,802
1118,832
1119,859
1120,881
1121,900
1122,916
1123,930
1124,898
1125,757
1126,641
1127,543
1128,460
1129,391
1130,332
1131,282
1132,240
1133,205
1134,174
1135,149
1136,128
1137,109
1138,94
1139,80
1140,91
1141,233
1142,348
1143,448
1144,530
1145,602
1146,661
1147,713
1148,755
1149,793
1150,825
1151,852
1152,875
1153,895
1154,912
1155,926
1156,932
1157,790
1158,668
1159,567
1160,480
1161,408
1162,346
1163,294
1164,250
1165,213
1166,182
1167,155
1168,133
1169,114
1170,97
1171,84
1172,72
1173,199
1174,320
1175,424
1176,510
1177,584
1178,646
1179,700
1180,745
1181,784
1182,817
1183,845
1184,870
1185,891
1186,907
1187,923
1188,936
1189,827
1190,698
1191,591
1192,500
1193,425
1194,360
1195,306
1196,261
1197,223
1198,190
1199,162
1200,138
1201,119
1202,102
1203,87
1204,75
1205,162
1206,290
1207,398
1208,488
1209,566
1210,631
1211,687
1212,734
1213,774
1214,809
1215,838
1216,863
1217,885
1218,903
1219,919
1220,933
1221,864
1222,728
1223,617
1224,522
1225,444
1226,376
1227,320
1228,272
1229,232
1230,198
1231,168
1232,144
1233,123
1234,106
1235,91
1236,78
1237,126
1238,261
1239,373
1240,467
1241,547
1242,615
1243,673
1244,723
1245,765
1246,801
1247,831
1248,858
1249,880
1250,899
1251,915
1252,929
1253,901
1254,761
1255,643
1256,545
1257,462
1258,393
1259,333
1260,284
1261,241
1262,206
1263,175
1264,150
1265,128
1266,109
1267,94
1268,81
1269,88
1270,230
1271,346
1272,445
1273,528
1274,600
1275,659
1276,711
1277,754
1278,792
1279,824
1280,851
1281,875
1282,894
1283,911
1284,926
1285,935
1286,795
1287,672
1288,569
1289,483
1290,410
1291,348
1292,295
1293,252
1294,214
1295,182
1296,156
1297,134
1298,114
1299,98
1300,84
1301,72
1302,196
1303,318
1304,421
1305,508
1306,582
1307,646
1308,699
1309,744
1310,784
1311,816
1312,845
1313,869
1314,890
1315,907
1316,923
1317,935
1318,829
1319,701
1320,593
1321,503
1322,427
1323,361
1324,308
1325,262
1326,223
1327,190
1328,162
1329,139
1330,119
1331,102
1332,87
1333,75
1334,159
1335,289
1336,396
1337,488
1338,564
1339,630
1340,686
1341,733
1342,773
1343,808
1344,838
1345,863
1346,884
1347,903
1348,919
1349,932
1350,867
1351,731
1352,620
1353,524
1354,445
1355,377
1356,321
1357,273
1358,232
1359,198
1360,169
1361,144
1362,124
1363,106
1364,91
1365,78
1366,123
1367,259
1368,371
1369,466
1370,546
1371,615
1372,673
1373,722
1374,764
1375,800
1376,831
1377,857
1378,879
1379,899
1380,915
1381,929
1382,905
1383,763
1384,647
1385,547
1386,464
1387,394
1388,334
1389,285
1390,242
1391,206
1392,176
1393,150
1394,129
1395,110
1396,94
1397,81
1398,84
1399,227
1400,343
1401,443
1402,526
1403,598
1404,658
1405,710
1406,754
1407,792
1408,823
1409,851
1410,874
1411,894
1412,911
1413,926
1414,937
1415,798
1416,674
1417,571
1418,484
1419,411
1420,349
1421,297
1422,252
1423,215
1424,183
1425,157
1426,134
1427,114
1428,98
1429,84
1430,73
1431,192
1432,316
1433,418
1434,507
1435,580
1436,644
1437,697
1438,743
1439,782
1440,816
1441,844
1442,868
1443,889
1444,907
1445,922
1446,935
1447,832
1448,704
1449,595
1450,505
1451,428
1452,363
1453,309
1454,263
1455,224
1456,191
1457,163
1458,140
1459,119
1460,102
1461,88
1462,75
1463,156
1464,286
1465,394
1466,485
1467,563
1468,629
1469,685
1470,732
1471,773
1472,808
1473,837
1474,863
1475,884
1476,903
1477,918
1478,932
1479,870
1480,735
1481,622
1482,527
1483,447
1484,379
1485,322
1486,274
1487,234
1488,199
1489,170
1490,145
1491,124
1492,106
1493,91
1494,78
1495,119
1496,255
1497,368
1498,463
1499,544
1500,613
1501,671
1502,721
1503,763
1504,800
1505,830
1506,857
1507,879
1508,898
1509,914
1510,929
1511,908
1512,767
1513,648
1514,550
1515,466
1516,395
1517,336
1518,286
1519,243
1520,207
1521,177
1522,151
1523,129
1524,110
1525,95
1526,81
1527,81
1528,223
1529,340
1530,441
1531,524
1532,596
1533,657
1534,709
1535,753
1536,791
1537,823
1538,850
1539,874
1540,893
1541,910
1542,925
1543,938
1544,800
1545,678
1546,573
1547,486
1548,412
1549,350
1550,297
1551,253
1552,215
1553,184
1554,157
1555,134
1556,115
1557,99
1558,84
1559,73
1560,189
1561,312
1562,417
1563,504
1564,580
1565,642
1566,697
1567,742
1568,782
1569,815
1570,844
1571,868
1572,889
1573,906
1574,922
1575,935
1576,837
1577,706
1578,598
1579,506
1580,430
1581,365
1582,310
1583,264
1584,225
1585,192
1586,163
1587,140
1588,119
1589,103
1590,88
1591,76
1592,153
1593,284
1594,391
1595,483
1596,561
1597,627
1598,683
1599,731
1600,772
1601,807
1602,836
1603,862
1604,884
1605,902
1606,918
1607,932
1608,875
1609,738
1610,625
1611,529
1612,449
1613,381
1614,324
1615,276
1616,234
1617,200
1618,171
1619,146
1620,125
1621,107
1622,91
1623,79
1624,115
1625,253
1626,366
1627,462
1628,542
1629,611
1630,670
1631,720
1632,762
1633,798
1634,829
1635,856
1636,879
1637,897
1638,914
1639,928
1640,912
1641,769
1642,652
1643,552
1644,468
1645,397
1646,337
1647,287
1648,244
1649,208
1650,177
1651,152
1652,129
1653,111
1654,95
1655,82
1656,78
1657,220
1658,338
1659,438
1660,522
1661,595
1662,655
1663,708
1664,753
1665,789
1666,822
1667,850
1668,873
1669,893
1670,910
1671,925
1672,937
1673,804
1674,680
1675,576
1676,487
1677,414
1678,351
1679,299
1680,254
1681,217
1682,185
1683,157
1684,135
1685,115
1686,99
1687,85
1688,73
1689,186
1690,309
1691,414
1692,502
1693,578
1694,641
1695,695
1696,741
1697,781
1698,814
1699,843
1700,867
1701,888
1702,906
1703,921
1704,935
1705,841
1706,709
1707,599
1708,509
1709,432
1710,367
1711,312
1712,265
1713,226
1714,192
1715,164
1716,140
1717,120
1718,103
1719,88
1720,76
1721,149
1722,281
1723,389
1724,482
1725,559
1726,626
1727,682
1728,730
1729,771
1730,806
1731,836
1732,862
1733,883
1734,902
1735,918
1736,931
1737,877
1738,741
1739,626
1740,531
1741,450
1742,383
1743,325
1744,276
1745,235
1746,201
1747,171
1748,146
1749,125
1750,107
1751,92
1752,79
1753,112
1754,250
1755,363
1756,459
1757,541
1758,609
1759,669
1760,718
1761,761
1762,797
1763,829
1764,855
1765,878
1766,897
1767,914
1768,928
1769,916
1770,772
1771,654
1772,553
1773,470
1774,398
1775,339
1776,287
1777,245
1778,209
1779,178
1780,152
1781,131
1782,111
1783,96
1784,82
1785,76
1786,217
1787,336
1788,436
1789,521
1790,593
1791,655
1792,707
1793,751
1794,789
1795,821
1796,849
1797,873
1798,892
1799,910
1800,925
1801,937
1802,806
1803,683
1804,577
1805,490
1806,416
1807,353
1808,300
1809,256
1810,218
1811,186
1812,158
1813,136
1814,116
1815,100
1816,85
1817,74
1818,182
1819,308
1820,412
1821,501
1822,575
1823,640
1824,694
1825,740
1826,780
1827,813
1828,842
1829,867
1830,888
1831,906
1832,921
1833,934
1834,844
1835,712
1836,603
1837,511
1838,433
1839,368
1840,313
1841,266
1842,226
1843,193
1844,164
1845,141
1846,120
1847,103
1848,89
1849,76
1850,147
1851,277
1852,387
1853,479
1854,558
1855,624
1856,681
1857,729
1858,770
1859,805
1860,835
1861,861
1862,882
1863,901
1864,917
1865,931
1866,880
1867,744
1868,629
1869,534
1870,452
1871,384
1872,326
1873,278
1874,236
1875,201
1876,171
1877,147
1878,125
1879,107
1880,92
1881,79
1882,109
1883,247
1884,360
1885,457
1886,538
1887,608
1888,667
1889,718
1890,760
1891,797
1892,828
1893,855
1894,878
1895,897
1896,914
1897,928
1898,919
1899,776
1900,657
1901,556
1902,472
1903,400
1904,340
1905,289
1906,246
1907,209
1908,179
1909,152
1910,130
1911,112
1912,96
1913,82
1914,73
1915,214
1916,333
1917,434
1918,519
1919,592
1920,654
1921,705
1922,750
1923,788
1924,820
1925,848
1926,872
1927,892
1928,909
1929,924
1930,937
1931,811
1932,685
1933,580
1934,492
1935,417
1936,354
1937,301
1938,256
1939,218
1940,186
1941,159
1942,136
1943,117
1944,99
1945,85
1946,74
1947,179
1948,305
1949,409
1950,499
1951,574
1952,638
1953,693
1954,739
1955,779
1956,813
1957,842
1958,866
1959,887
1960,905
1961,921
1962,934
1963,847
1964,715
1965,605
1966,513
1967,435
1968,369
1969,314
1970,267
1971,228
1972,194
1973,166
1974,142
1975,121
1976,104
1977,89
1978,77
1979,142
1980,275
1981,384
1982,478
1983,555
1984,623
1985,679
1986,728
1987,769
1988,805
1989,834
1990,861
1991,882
1992,901
1993,917
1994,931
1995,884
1996,747
1997,631
1998,535
1999,454
2000,385
2001,328
2002,279
2003,237
2004,202
2005,172
2006,147
2007,126
2008,108
2009,93
2010,79
2011,104
2012,244
2013,357
2014,455
2015,536
2016,607
2017,666
2018,716
2019,759
2020,796
2021,827
2022,854
2023,877
2024,896
2025,913
2026,928
2027,921
2028,780
2029,659
2030,559
2031,473
2032,402
2033,341
2034,291
2035,247
2036,211
2037,179
2038,153
2039,131
2040,112
2041,96
2042,82
2043,72
2044,211
2045,330
2046,432
2047,517
2048,590
2049,652
2050,704
2051,749
2052,787
2053,820
2054,848
2055,872
2056,892
2057,909
2058,924
2059,937
2060,814
2061,688
2062,583
2063,494
2064,419
2065,356
2066,303
2067,257
2068,219
2069,187
2070,159
2071,137
2072,117
2073,100
2074,86
2075,74
2076,175
2077,301
2078,407
2079,496
2080,573
2081,637
2082,692
2083,738
2084,778
2085,812
2086,841
2087,866
2088,887
2089,905
2090,920
2091,934
2092,851
2093,717
2094,608
2095,515
2096,437
2097,371
2098,316
2099,268
2100,228
2101,195
2102,166
2103,142
2104,121
2105,104
2106,89
2107,77
2108,139
2109,272
2110,381
2111,476
2112,554
2113,621
2114,678
2115,727
2116,768
2117,804
2118,834
2119,860
2120,882
2121,900
2122,917
2123,930
2124,889
2125,749
2126,635
2127,537
2128,456
2129,387
2130,328
2131,279
2132,238
2133,202
2134,173
2135,148
2136,126
2137,108
2138,93
2139,79
2140,100
2141,241
2142,355
2143,453
2144,535
2145,605
2146,664
2147,715
2148,758
2149,795
2150,826
2151,853
2152,877
2153,896
2154,913
2155,927
2156,925
2157,783
2158,661
2159,561
2160,475
2161,403
2162,343
2163,291
2164,248
2165,211
2166,180
2167,154
2168,131
2169,113
2170,97
2171,83
2172,70
2173,208
2174,328
2175,430
2176,516
2177,588
2178,650
2179,703
2180,748
2181,786
2182,819
2183,847
2184,871
2185,891
2186,909
2187,924
2188,937
2189,816
2190,691
2191,584
2192,496
2193,420
2194,357
2195,303
2196,258
2197,220
2198,188
2199,160
2200,137
2201,117
2202,100
2203,86
2204,74
2205,172
2206,299
2207,404
2208,495
2209,570
2210,636
2211,690
2212,737
2213,777
2214,811
2215,840
2216,866
2217,886
2218,905
2219,920
2220,933
2221,853
2222,720
2223,610
2224,517
2225,439
2226,372
2227,317
2228,269
2229,229
2230,195
2231,167
2232,143
2233,122
2234,104
2235,90
2236,77
2237,135
2238,269
2239,379
2240,473
2241,552
2242,620
2243,677
2244,726
2245,767
2246,803
2247,833
2248,859
2249,881
2250,900
2251,916
2252,930
2253,892
2254,752
2255,637
2256,539
2257,458
2258,388
2259,330
2260,281
2261,239
2262,204
2263,173
2264,148
2265,127
2266,109
2267,93
2268,80
2269,97
2270,238
2271,352
2272,451
2273,533
2274,604
2275,663
2276,714
2277,757
2278,794
2279,826
2280,853
2281,876
2282,896
2283,912
2284,927
2285,927
2286,786
2287,664
2288,563
2289,477
2290,405
2291,344
2292,293
2293,249
2294,212
2295,180
2296,154
2297,132
2298,113
2299,97
2300,83
2301,70
2302,205
2303,325
2304,427
2305,514
2306,587
2307,649
2308,702
2309,747
2310,785
2311,818
2312,846
2313,870
2314,891
2315,908
2316,924
2317,936
2318,821
2319,693
2320,587
2321,497
2322,422
2323,358
2324,305
2325,259
2326,221
2327,188
2328,161
2329,137
2330,117
2331,101
2332,86
2333,75
2334,169
2335,297
2336,402
2337,493
2338,569
2339,634
2340,689
2341,736
2342,776
2343,810
2344,839
2345,865
2346,886
2347,904
2348,920
2349,933
2350,858
2351,724
2352,613
2353,519
2354,441
2355,374
2356,318
2357,271
2358,230
2359,197
2360,167
2361,143
2362,122
2363,105
2364,90
2365,78
2366,132
2367,267
2368,377
2369,471
2370,550
2371,619
2372,675
2373,725
2374,766
2375,802
2376,832
2377,859
2378,881
2379,900
2380,916
2381,930
2382,895
2383,756
2384,639
2385,542
2386,459
2387,390
2388,331
2389,282
2390,240
2391,204
2392,174
2393,149
2394,127
2395,109
2396,93
2397,80
2398,94
2399,235
2400,350
2401,449
2402,531
2403,602
2404,662
2405,713
2406,756
2407,793
2408,825
2409,852
2410,876
2411,895
2412,912
2413,927
2414,930
2415,789
2416,667
2417,566
2418,479
2419,406
2420,345
2421,294
2422,250
2423,213
2424,181
2425,155
2426,132
2427,114
2428,97
2429,83
2430,72
2431,201
2432,324
2433,424
2434,511
2435,585
2436,647
2437,701
2438,746
2439,784
2440,818
2441,846
2442,870
2443,890
2444,908
2445,923
2446,936
2447,824
2448,696
2449,590
2450,499
2451,424
2452,360
2453,306
2454,260
2455,222
2456,189
2457,161
2458,138
2459,118
2460,101
2461,87
2462,74
2463,165
2464,294
2465,400
2466,491
2467,567
2468,633
2469,688
2470,735
2471,775
2472,810
2473,839
2474,864
2475,886
2476,904
2477,919
2478,933
2479,860
2480,726
2481,615
2482,521
2483,442
2484,375
2485,319
2486,271
2487,231
2488,197
2489,168
2490,143
2491,123
2492,105
2493,90
2494,78
2495,128
2496,263
2497,374
2498,469
2499,549
2500,617
2501,674
2502,724
2503,765
2504,802
2505,832
2506,858
2507,880
2508,899
2509,915
2510,930
2511,898
2512,759
2513,642
2514,544
2515,461
2516,391
2517,332
2518,282
2519,241
2520,205
2521,175
2522,149
2523,128
2524,109
2525,94
2526,81
2527,90
2528,232
2529,347
2530,447
2531,529
2532,601
2533,660
2534,712
2535,755
2536,793
2537,825
2538,852
2539,875
2540,895
2541,912
2542,926
2543,933
2544,792
2545,669
2546,568
2547,480
2548,408
2549,346
2550,295
2551,251
2552,214
2553,182
2554,155
2555,133
2556,114
2557,98
2558,84
2559,72
2560,198
2561,320
2562,423
2563,510
2564,584
2565,646
2566,700
2567,745
2568,783
2569,816
2570,845
2571,869
2572,890
2573,907
2574,923
2575,936
2576,828
2577,699
2578,593
2579,501
2580,426
2581,362
2582,308
2583,261
2584,223
2585,190
2586,162
2587,139
2588,118
2589,102
2590,87
2591,75
2592,162
2593,290
2594,397
2595,489
2596,565
2597,631
2598,687
2599,734
2600,774
2601,809
2602,838
2603,864
2604,885
2605,903
2606,920
2607,932
2608,865
2609,730
2610,617
2611,524
2612,444
2613,377
2614,320
2615,273
2616,232
2617,198
2618,168
2619,144
2620,123
2621,106
2622,90
2623,78
2624,125
2625,259
2626,371
2627,467
2628,546
2629,615
2630,673
2631,722
2632,765
2633,800
2634,831
2635,858
2636,879
2637,899
2638,915
2639,929
2640,902
2641,762
2642,645
2643,546
2644,463
2645,393
2646,334
2647,284
2648,241
2649,206
2650,175
2651,150
2652,128
2653,109
2654,94
2655,81
2656,87
2657,229
2658,345
2659,444
2660,528
2661,598
2662,660
2663,711
2664,755
2665,792
2666,824
2667,851
2668,874
2669,894
2670,911
2671,926
2672,935
2673,795
2674,672
2675,570
2676,483
2677,410
2678,348
2679,296
2680,252
2681,214
2682,183
2683,156
2684,133
2685,114
2686,98
2687,84
2688,73
2689,194
2690,318
2691,421
2692,508
2693,582
2694,645
2695,698
2696,744
2697,783
2698,816
2699,844
2700,869
2701,889
2702,907
2703,922
2704,935
2705,830
2706,702
2707,594
2708,504
2709,427
2710,363
2711,308
2712,263
2713,223
2714,190
2715,162
2716,139
2717,119
2718,102
2719,87
2720,75
2721,159
2722,287
2723,395
2724,487
2725,564
2726,630
2727,685
2728,733
2729,773
2730,808
2731,838
2732,863
2733,884
2734,903
2735,919
2736,932
2737,868
2738,732
2739,620
2740,525
2741,446
2742,378
2743,322
2744,273
2745,233
2746,198
2747,169
2748,145
2749,124
2750,106
2751,91
2752,78
2753,121
2754,258
2755,369
2756,465
2757,545
2758,614
2759,672
2760,721
2761,763
2762,800
2763,831
2764,857
2765,879
2766,898
2767,915
2768,929
2769,905
2770,765
2771,647
2772,548
2773,465
2774,394
2775,335
2776,285
2777,243
2778,207
2779,176
2780,151
2781,129
2782,110
2783,95
2784,81
2785,83
2786,226
2787,342
2788,442
2789,525
2790,597
2791,658
2792,710
2793,753
2794,791
2795,823
2796,851
2797,874
2798,894
2799,911
2800,926
2801,938
2802,798
2803,676
2804,572
2805,485
2806,411
2807,350
2808,297
2809,253
2810,215
2811,184
2812,157
2813,134
2814,115
2815,98
2816,84
2817,73
2818,191
2819,315
2820,418
2821,506
2822,580
2823,643
2824,697
2825,743
2826,782
2827,816
2828,844
2829,868
2830,889
2831,907
2832,922
2833,935
2834,835
2835,704
2836,597
2837,506
2838,430
2839,364
2840,310
2841,263
2842,224
2843,191
2844,163
2845,139
2846,119
2847,102
2848,88
2849,76
2850,155
2851,286
2852,393
2853,485
2854,562
2855,629
2856,684
2857,732
2858,772
2859,808
2860,837
2861,862
2862,884
2863,903
2864,919
2865,932
2866,872
2867,735
2868,623
2869,527
2870,448
2871,380
2872,323
2873,275
2874,234
2875,199
2876,170
2877,145
2878,124
2879,107
2880,91
2881,78
2882,117
2883,254
2884,367
2885,462
2886,544
2887,612
2888,671
2889,720
2890,763
2891,799
2892,830
2893,856
2894,879
2895,898
2896,914
2897,928
2898,911
2899,767
2900,650
2901,550
2902,466
2903,396
2904,337
2905,286
2906,244
2907,207
2908,177
2909,152
2910,129
2911,111
2912,95
2913,81
2914,80
2915,223
2916,340
2917,440
2918,524
2919,596
2920,657
2921,708
2922,752
2923,790
2924,823
2925,850
2926,873
2927,893
2928,911
2929,925
2930,937
2931,801
2932,678
2933,574
2934,487
2935,413
2936,351
2937,298
2938,254
2939,216
2940,184
2941,157
2942,135
2943,115
2944,98
2945,85
2946,73
2947,187
2948,311
2949,415
2950,504
2951,578
2952,642
2953,696
2954,742
2955,781
2956,815
2957,843
2958,868
2959,888
2960,906
2961,922
2962,934
2963,838
2964,707
2965,599
2966,507
2967,431
2968,365
2969,311
2970,264
2971,225
2972,192
2973,164
2974,140
2975,120
2976,102
2977,88
2978,75
2979,152
2980,283
2981,390
2982,483
2983,560
2984,627
2985,683
2986,731
2987,772
2988,806
2989,836
2990,862
2991,884
2992,902
2993,918
2994,931
2995,874
2996,739
2997,624
2998,530
2999,449
3000,382
3001,324
3002,276
3003,235
3004,200
3005,171
3006,146
3007,125
3008,106
3009,92
3010,79
3011,114
3012,252
3013,364
3014,461
3015,541
3016,611
3017,669
3018,719
3019,762
3020,798
3021,829
3022,856
3023,878
3024,898
3025,914
3026,929
3027,913
3028,771
3029,652
3030,551
3031,468
3032,397
3033,338
3034,287
3035,244
3036,208
3037,178
3038,152
3039,130
3040,111
3041,95
3042,82
3043,77
3044,218
3045,338
3046,437
3047,522
3048,594
3049,656
3050,707
3051,751
3052,789
3053,822
3054,849
3055,873
3056,893
3057,910
3058,925
3059,937
3060,806
3061,680
3062,577
3063,488
3064,415
3065,352
3066,300
3067,255
3068,217
3069,185
3070,158
3071,135
3072,115
3073,99
3074,85
3075,73
3076,185
3077,310
3078,414
3079,501
3080,577
3081,641
3082,695
3083,741
3084,780
3085,814
3086,843
3087,867
3088,888
3089,906
3090,922
3091,935
3092,841
3093,710
3094,602
3095,509
3096,433
3097,367
3098,312
3099,265
3100,226
3101,192
3102,165
3103,140
3104,120
3105,103
3106,88
3107,76
3108,148
3109,281
3110,388
3111,481
3112,558
3113,626
3114,681
3115,730
3116,771
3117,806
3118,836
3119,861
3120,883
3121,902
3122,918
3123,931
3124,879
3125,741
3126,628
3127,531
3128,451
3129,382
3130,325
3131,277
3132,235
3133,201
3134,171
3135,146
3136,125
3137,107
3138,92
3139,79
3140,111
3141,249
3142,362
3143,459
3144,539
3145,609
3146,668
3147,718
3148,760
3149,798
3150,828
3151,855
3152,878
3153,897
3154,914
3155,928
3156,916
3157,774
3158,655
3159,555
3160,471
3161,399
3162,340
3163,289
3164,245
3165,210
3166,178
3167,153
3168,130
3169,112
3170,96
3171,82
3172,74
3173,216
3174,334
3175,436
3176,520
3177,593
3178,654
3179,706
3180,750
3181,788
3182,821
3183,848
3184,872
3185,893
3186,910
3187,925
3188,937
3189,808
3190,684
3191,579
3192,491
3193,416
3194,354
3195,301
3196,256
3197,218
3198,186
3199,158
3200,135
3201,116
3202,100
3203,85
3204,73
3205,181
3206,306
3207,411
3208,499
3209,575
3210,639
3211,694
3212,740
3213,779
3214,813
3215,842
3216,866
3217,888
3218,905
3219,921
3220,934
3221,845
3222,713
3223,604
3224,511
3225,434
3226,368
3227,314
3228,266
3229,227
3230,194
3231,165
3232,141
3233,121
3234,104
3235,88
3236,76
3237,144
3238,277
3239,385
3240,479
3241,557
3242,624
3243,681
3244,729
3245,770
3246,805
3247,835
3248,861
3249,883
3250,901
3251,917
3252,931
3253,883
3254,744
3255,631
3256,533
3257,454
3258,384
3259,327
3260,277
3261,237
3262,201
3263,172
3264,147
3265,126
3266,108
3267,92
3268,79
3269,106
3270,245
3271,360
3272,456
3273,538
3274,607
3275,667
3276,717
3277,760
3278,796
3279,828
3280,854
3281,877
3282,897
3283,913
3284,928
3285,919
3286,775
3287,658
3288,557
3289,473
3290,401
3291,341
3292,289
3293,246
3294,210
3295,179
3296,152
3297,131
3298,112
3299,96
3300,82
3301,72
3302,213
3303,332
3304,433
3305,518
3306,591
3307,652
3308,705
3309,749
3310,788
3311,820
3312,848
3313,872
3314,892
3315,909
3316,924
3317,937
3318,812
3319,686
3320,581
3321,492
3322,418
3323,355
3324,302
3325,256
3326,219
3327,186
3328,159
3329,137
3330,116
3331,100
3332,85
3333,74
3334,178
3335,304
3336,408
3337,498
3338,574
3339,638
3340,692
3341,739
3342,779
3343,812
3344,841
3345,866
3346,887
3347,905
3348,921
3349,935
3350,847
3351,716
3352,606
3353,514
3354,435
3355,370
3356,314
3357,268
3358,228
3359,194
3360,166
3361,142
3362,121
3363,104
3364,89
3365,77
3366,141
3367,273
3368,384
3369,476
3370,555
3371,623
3372,679
3373,727
3374,768
3375,804
3376,834
3377,861
3378,882
3379,901
3380,917
3381,931
3382,885
3383,748
3384,632
3385,537
3386,454
3387,386
3388,328
3389,279
3390,237
3391,202
3392,172
3393,148
3394,126
3395,108
3396,92
3397,80
3398,103
3399,243
3400,357
3401,455
3402,536
3403,606
3404,665
3405,716
3406,759
3407,796
3408,827
3409,854
3410,877
3411,896
3412,913
3413,928
3414,923
3415,781
3416,661
3417,560
3418,474
3419,403
3420,342
3421,291
3422,247
3423,211
3424,179
3425,153
3426,131
3427,112
3428,96
3429,83
3430,70
3431,210
3432,329
3433,431
3434,516
3435,589
3436,651
3437,704
3438,748
3439,787
3440,819
3441,848
3442,871
3443,891
3444,909
3445,924
3446,936
3447,815
3448,689
3449,584
3450,494
3451,420
3452,356
3453,303
3454,258
3455,220
3456,187
3457,160
3458,136
3459,117
3460,100
3461,86
3462,74
3463,174
3464,301
3465,406
3466,496
3467,571
3468,637
3469,691
3470,738
3471,778
3472,811
3473,841
3474,865
3475,887
3476,905
3477,920
3478,934
3479,852
3480,718
3481,609
3482,515
3483,438
3484,371
3485,316
3486,268
3487,229
3488,195
3489,166
3490,142
3491,122
3492,104
3493,89
3494,77
3495,137
3496,272
3497,381
3498,475
3499,554
3500,621
3501,678
3502,727
3503,768
3504,803
3505,834
3506,860
3507,881
3508,900
3509,917
3510,930
3511,889
3512,751
3513,635
3514,538
3515,457
3516,387
3517,329
3518,280
3519,238
3520,203
3521,173
3522,148
3523,127
3524,109
3525,93
3526,80
3527,99
3528,240
3529,354
3530,453
3531,534
3532,605
3533,664
3534,715
3535,758
3536,795
3537,826
3538,853
3539,876
3540,896
3541,912
3542,927
3543,925
3544,783
3545,662
3546,561
3547,476
3548,404
3549,343
3550,292
3551,248
3552,212
3553,180
3554,154
3555,132
3556,113
3557,96
3558,83
3559,70
3560,207
3561,327
3562,429
3563,514
3564,588
3565,650
3566,703
3567,747
3568,786
3569,818
3570,847
3571,871
3572,892
3573,909
3574,924
3575,936
3576,818
3577,691
3578,586
3579,496
3580,422
3581,357
3582,304
3583,259
3584,220
3585,188
3586,160
3587,137
3588,117
3589,100
3590,86
3591,74
3592,171
3593,299
3594,404
3595,494
3596,570
3597,635
3598,690
3599,737
3600,777
3601,811
3602,840
3603,865
3604,886
3605,904
3606,920
3607,933
3608,854
3609,722
3610,611
3611,518
3612,440
3613,373
3614,317
3615,270
3616,229
3617,196
3618,166
3619,143
3620,122
3621,105
3622,90
3623,77
3624,134
3625,268
3626,378
3627,473
3628,552
3629,620
3630,677
3631,726
3632,767
3633,802
3634,833
3635,859
3636,881
3637,900
3638,916
3639,931
3640,893
3641,753
3642,637
3643,541
3644,458
3645,389
3646,330
3647,281
3648,239
3649,204
3650,174
3651,148
3652,127
3653,109
3654,93
3655,80
3656,96
3657,237
3658,352
3659,450
3660,532
3661,603
3662,663
3663,714
3664,757
3665,794
3666,826
3667,853
3668,876
3669,895
3670,912
3671,927
3672,930
3673,787
3674,666
3675,564
3676,478
3677,406
3678,344
3679,293
3680,249
3681,212
3682,181
3683,154
3684,132
3685,113
3686,97
3687,83
3688,71
3689,202
3690,325
3691,426
3692,513
3693,586
3694,649
3695,701
3696,747
3697,785
3698,818
3699,846
3700,870
3701,890
3702,908
3703,923
3704,936
3705,821
3706,695
3707,588
3708,499
3709,423
3710,359
3711,305
3712,259
3713,221
3714,189
3715,161
3716,138
3717,118
3718,101
3719,87
3720,75
3721,167
3722,296
3723,401
3724,492
3725,568
3726,633
3727,689
3728,735
3729,776
3730,810
3731,839
3732,864
3733,886
3734,904
3735,920
3736,933
3737,859
3738,724
3739,614
3740,519
3741,441
3742,374
3743,319
3744,271
3745,231
3746,196
3747,168
3748,143
3749,123
3750,105
3751,91
3752,78
3753,131
3754,265
3755,377
3756,471
3757,550
3758,618
3759,675
3760,724
3761,766
3762,802
3763,832
3764,858
3765,881
3766,900
3767,915
3768,930
3769,896
3770,756
3771,641
3772,542
3773,460
3774,391
3775,332
3776,282
3777,240
3778,205
3779,175
3780,149
3781,128
3782,109
3783,94
3784,80
3785,92
3786,234
3787,349
3788,448
3789,530
3790,602
3791,661
3792,713
3793,756
3794,793
3795,825
3796,852
3797,875
3798,895
3799,912
3800,926
3801,931
3802,789
3803,668
3804,566
3805,479
3806,407
3807,345
3808,294
3809,250
3810,213
3811,181
3812,155
3813,132
3814,113
3815,97
3816,83
3817,72
3818,200
3819,321
3820,424
3821,510
3822,585
3823,647
3824,700
3825,745
3826,784
3827,817
3828,846
3829,870
3830,890
3831,908
3832,923
3833,936
3834,826
3835,697
3836,591
3837,500
3838,425
3839,360
3840,306
3841,261
3842,222
3843,189
3844,161
3845,137
3846,118
3847,101
3848,87
3849,75
3850,163
3851,291
3852,399
3853,489
3854,566
3855,631
3856,688
3857,734
3858,775
3859,809
3860,839
3861,864
3862,885
3863,903
3864,919
3865,932
3866,862
3867,727
3868,616
3869,522
3870,443
3871,376
3872,320
3873,272
3874,231
3875,197
3876,168
3877,144
3878,123
3879,105
3880,90
3881,78
3882,127
3883,263
3884,374
3885,468
3886,548
3887,616
3888,674
3889,723
3890,765
3891,801
3892,832
3893,858
3894,880
3895,899
3896,915
3897,929
3898,901
3899,759
3900,643
3901,544
3902,462
3903,392
3904,333
3905,283
3906,241
3907,205
3908,175
3909,149
3910,128
3911,109
3912,94
3913,81
3914,89
3915,231
3916,347
3917,446
3918,529
3919,600
3920,660
3921,712
3922,755
3923,792
3924,824
3925,851
3926,875
3927,894
3928,911
3929,926
3930,935
3931,794
3932,670
3933,568
3934,481
3935,409
3936,347
3937,295
3938,251
3939,214
3940,182
3941,156
3942,133
3943,114
3944,98
3945,84
3946,73
3947,197
3948,319
3949,422
3950,508
3951,583
3952,645
3953,699
3954,744
3955,783
3956,816
3957,845
3958,869
3959,890
3960,907
3961,923
3962,935
3963,829
3964,699
3965,593
3966,502
3967,426
3968,362
3969,308
3970,261
3971,223
3972,190
3973,162
3974,139
3975,119
3976,102
3977,87
3978,75
3979,161
3980,290
3981,397
3982,488
3983,565
3984,630
3985,686
3986,733
3987,774
3988,808
3989,838
3990,863
3991,885
3992,903
3993,919
3994,932
3995,866
3996,730
3997,619
3998,523
3999,445
4000,377
4001,321
4002,273
4003,232
4004,198
4005,169
4006,145
4007,123
4008,106
4009,91
4010,78
4011,125
4012,259
4013,372
4014,466
4015,546
4016,615
4017,673
4018,722
4019,764
4020,801
4021,831
4022,858
4023,879
4024,899
4025,915
4026,929
4027,903
4028,763
4029,645
4030,547
4031,464
4032,393
4033,334
4034,284
4035,242
4036,206
4037,176
4038,150
4039,128
4040,110
4041,94
4042,81
4043,85
4044,228
4045,344
4046,444
4047,527
4048,598
4049,659
4050,710
4051,754
4052,792
4053,824
4054,851
4055,874
4056,894
4057,911
4058,925
4059,936
4060,797
4061,673
4062,571
4063,483
4064,410
4065,348
4066,296
4067,252
4068,215
4069,183
4070,156
4071,134
4072,114
4073,98
4074,84
4075,72
4076,193
4077,317
4078,419
4079,507
4080,581
4081,645
4082,698
4083,744
4084,782
4085,816
4086,844
4087,869
4088,889
4089,907
4090,922
4091,935
4092,831
4093,703
4094,595
4095,504
4096,428
4097,363
4098,309
4099,262
4100,223
4101,191
4102,162
4103,139
4104,119
4105,102
4106,87
4107,76
4108,156
4109,287
4110,393
4111,486
4112,562
4113,628
4114,685
4115,732
4116,773
4117,807
4118,837
4119,862
4120,884
4121,902
4122,919
4123,932
4124,870
4125,733
4126,622
4127,526
4128,447
4129,379
4130,322
4131,274
4132,233
4133,199
4134,169
4135,145
4136,124
4137,106
4138,91
4139,79
4140,120
4141,257
4142,369
4143,464
4144,545
4145,613
4146,672
4147,721
4148,763
4149,799
4150,830
4151,856
4152,879
4153,898
4154,915
4155,929
4156,908
4157,765
4158,648
4159,548
4160,466
4161,396
4162,335
4163,286
4164,243
4165,207
4166,177
4167,151
4168,129
4169,110
4170,95
4171,81
4172,82
4173,224
4174,342
4175,441
4176,525
4177,596
4178,658
4179,709
4180,753
4181,791
4182,823
4183,850
4184,874
4185,894
4186,911
4187,926
4188,938
4189,799
4190,677
4191,572
4192,486
4193,412
4194,350
4195,298
4196,253
4197,216
4198,184
4199,157
4200,134
4201,115
4202,99
4203,85
4204,72
4205,190
4206,314
4207,417
4208,505
4209,579
4210,643
4211,696
4212,743
4213,782
4214,815
4215,844
4216,868
4217,889
4218,907
4219,922
4220,935
4221,834
4222,706
4223,597
4224,505
4225,430
4226,365
4227,310
4228,263
4229,225
4230,191
4231,163
4232,139
4233,119
4234,102
4235,88
4236,75
4237,153
4238,285
4239,392
4240,484
4241,561
4242,628
4243,684
4244,731
4245,772
4246,807
4247,837
4248,862
4249,884
4250,903
4251,918
4252,932
4253,873
4254,738
4255,624
4256,530
4257,448
4258,381
4259,324
4260,276
4261,234
4262,200
4263,170
4264,146
4265,124
4266,107
4267,91
4268,78
4269,116
4270,253
4271,366
4272,462
4273,543
4274,612
4275,671
4276,720
4277,763
4278,798
4279,830
4280,856
4281,879
4282,898
4283,915
4284,928
4285,911
4286,768
4287,651
4288,551
4289,468
4290,396
4291,337
4292,286
4293,244
4294,208
4295,177
4296,151
4297,129
4298,111
4299,95
4300,82
4301,80
4302,221
4303,339
4304,439
4305,523
4306,595
4307,656
4308,708
4309,752
4310,789
4311,822
4312,850
4313,873
4314,893
4315,910
4316,925
4317,938
4318,802
4319,679
4320,574
4321,487
4322,413
4323,351
4324,299
4325,254
4326,217
4327,184
4328,158
4329,135
4330,116
4331,99
4332,85
4333,73
4334,187
4335,311
4336,414
4337,503
4338,578
4339,642
4340,695
4341,742
4342,781
4343,814
4344,843
4345,867
4346,888
4347,906
4348,921
4349,935
4350,838
4351,709
4352,600
4353,508
4354,431
4355,366
4356,311
4357,265
4358,225
4359,192
4360,164
4361,140
4362,120
4363,103
4364,88
4365,76
4366,151
4367,282
4368,390
4369,482
4370,559
4371,626
4372,682
4373,731
4374,771
4375,806
4376,836
4377,862
4378,883
4379,902
4380,918
4381,932
4382,876
4383,740
4384,626
4385,531
4386,450
4387,382
4388,325
4389,276
4390,235
4391,201
4392,171
4393,146
4394,125
4395,107
4396,92
4397,79
4398,114
4399,251
4400,364
4401,460
4402,541
4403,610
4404,669
4405,719
4406,761
4407,798
4408,829
4409,855
4410,878
4411,897
4412,914
4413,928
4414,915
4415,771
4416,654
4417,553
4418,469
4419,398
4420,339
4421,288
4422,245
4423,208
4424,178
4425,152
4426,130
4427,111
4428,95
4429,82
4430,76
4431,218
4432,336
4433,437
4434,521
4435,594
4436,655
4437,707
4438,752
4439,789
4440,822
4441,849
4442,873
4443,893
4444,910
4445,925
4446,937
4447,806
4448,682
4449,577
4450,489
4451,415
4452,353
4453,300
4454,255
4455,217
4456,185
4457,158
4458,135
4459,116
4460,99
4461,85
4462,73
4463,183
4464,308
4465,412
4466,501
4467,576
4468,640
4469,694
4470,740
4471,780
4472,814
4473,842
4474,867
4475,888
4476,906
4477,921
4478,934
4479,842
4480,711
4481,602
4482,510
4483,433
4484,367
4485,312
4486,266
4487,226
4488,193
4489,165
4490,141
4491,120
4492,103
4493,89
4494,76
4495,147
4496,279
4497,387
4498,480
4499,558
4500,625
4501,681
4502,729
4503,770
4504,806
4505,835
4506,861
4507,883
4508,902
4509,917
4510,931
4511,879
4512,743
4513,628
4514,533
4515,451
4516,384
4517,325
4518,277
4519,236
4520,201
4521,171
4522,146
4523,125
4524,107
4525,93
4526,79
4527,111
4528,248
4529,361
4530,458
4531,539
4532,609
4533,667
4534,718
4535,760
4536,797
4537,828
4538,855
4539,877
4540,897
4541,913
4542,928
4543,917
4544,775
4545,655
4546,556
4547,471
4548,400
4549,339
4550,289
4551,246
4552,209
4553,178
4554,153
4555,130
4556,112
4557,96
4558,82
4559,74
4560,215
4561,334
4562,435
4563,519
4564,592
4565,653
4566,705
4567,750
4568,788
4569,821
4570,848
4571,872
4572,892
4573,910
4574,924
4575,937
4576,808
4577,685
4578,579
4579,492
4580,416
4581,355
4582,301
4583,257
4584,218
4585,186
4586,159
4587,136
4588,116
4589,100
4590,85
4591,74
4592,180
4593,306
4594,410
4595,499
4596,574
4597,639
4598,693
4599,739
4600,779
4601,813
4602,842
4603,866
4604,887
4605,906
4606,921
4607,934
4608,845
4609,714
4610,604
4611,512
4612,435
4613,369
4614,314
4615,267
4616,227
4617,194
4618,165
4619,141
4620,121
4621,103
4622,88
4623,76
4624,144
4625,276
4626,385
4627,478
4628,556
4629,623
4630,680
4631,728
4632,769
4633,805
4634,834
4635,861
4636,882
4637,901
4638,917
4639,931
4640,883
4641,746
4642,630
4643,535
4644,453
4645,385
4646,327
4647,278
4648,237
4649,201
4650,172
4651,147
4652,126
4653,107
4654,92
4655,79
4656,107
4657,244
4658,359
4659,455
4660,537
4661,607
4662,666
4663,717
4664,760
4665,796
4666,828
4667,854
4668,877
4669,897
4670,913
4671,928
4672,922
4673,778
4674,659
4675,557
4676,473
4677,401
4678,341
4679,290
4680,247
4681,210
4682,179
4683,153
4684,131
4685,112
4686,96
4687,83
4688,72
4689,211
4690,332
4691,432
4692,518
4693,590
4694,652
4695,704
4696,749
4697,787
4698,819
4699,848
4700,872
4701,892
4702,909
4703,924
4704,937
4705,812
4706,688
4707,581
4708,493
4709,418
4710,355
4711,302
4712,257
4713,219
4714,187
4715,159
4716,136
4717,116
4718,100
4719,86
4720,74
4721,176
4722,303
4723,407
4724,497
4725,573
4726,637
4727,692
4728,738
4729,778
4730,812
4731,841
4732,866
4733,887
4734,905
4735,920
4736,934
4737,849
4738,718
4739,607
4740,515
4741,437
4742,370
4743,315
4744,268
4745,228
4746,194
4747,166
4748,142
4749,122
4750,104
4751,89
4752,77
4753,139
4754,272
4755,382
4756,475
4757,554
4758,621
4759,678
4760,727
4761,768
4762,804
4763,834
4764,860
4765,881
4766,900
4767,917
4768,930
4769,886
4770,749
4771,633
4772,537
4773,455
4774,387
4775,329
4776,279
4777,238
4778,203
4779,173
4780,148
4781,126
4782,109
4783,93
4784,80
4785,102
4786,242
4787,356
4788,454
4789,535
4790,606
4791,665
4792,716
4793,758
4794,795
4795,827
4796,853
4797,877
4798,896
4799,913
4800,927
4801,923
4802,782
4803,660
4804,560
4805,474
4806,403
4807,342
4808,291
4809,248
4810,211
4811,180
4812,154
4813,131
4814,112
4815,96
4816,83
4817,69
4818,209
4819,328
4820,430
4821,515
4822,588
4823,650
4824,703
4825,748
4826,786
4827,819
4828,847
4829,872
4830,891
4831,909
4832,924
4833,937
4834,817
4835,689
4836,585
4837,495
4838,421
4839,357
4840,304
4841,258
4842,221
4843,187
4844,160
4845,136
4846,117
4847,100
4848,86
4849,74
4850,173
4851,300
4852,405
4853,495
4854,571
4855,636
4856,691
4857,738
4858,777
4859,812
4860,840
4861,866
4862,886
4863,905
4864,920
4865,933
4866,852
4867,719
4868,609
4869,516
4870,438
4871,372
4872,316
4873,269
4874,229
4875,195
4876,166
4877,142
4878,122
4879,104
4880,89
4881,77
4882,137
4883,271
4884,380
4885,474
4886,552
4887,621
4888,677
4889,726
4890,767
4891,803
4892,833
4893,859
4894,881
4895,900
4896,916
4897,930
4898,890
4899,752
4900,635
4901,539
4902,457
4903,388
4904,329
4905,281
4906,238
4907,203
4908,173
4909,147
4910,127
4911,109
4912,93
4913,80
4914,99
4915,239
4916,354
4917,452
4918,534
4919,604
4920,664
4921,715
4922,758
4923,795
4924,826
4925,853
4926,876
4927,896
4928,912
4929,927
4930,927
4931,784
4932,664
4933,562
4934,477
4935,404
4936,343
4937,292
4938,249
4939,212
4940,180
4941,154
4942,132
4943,113
4944,97
4945,83
4946,70
4947,206
4948,326
4949,428
4950,515
4951,587
4952,650
4953,703
4954,747
4955,786
4956,818
4957,847
4958,870
4959,891
4960,908
4961,923
4962,936
4963,820
4964,692
4965,587
4966,496
4967,422
4968,358
4969,305
4970,259
4971,221
4972,188
4973,161
4974,137
4975,118
4976,101
4977,87
4978,74
4979,170
4980,298
4981,403
4982,493
4983,569
4984,634
4985,689
4986,736
4987,776
4988,811
4989,840
4990,865
4991,886
4992,904
4993,920
4994,933
4995,856
4996,723
4997,612
4998,518
4999,440
5000,373
5001,318
5002,270
5003,230
5004,196
5005,168
5006,143
5007,122
5008,104
5009,90
5010,77
5011,133
5012,268
5013,377
5014,472
5015,551
5016,619
5017,676
5018,725
5019,767
5020,803
5021,833
5022,859
5023,881
5024,900
5025,916
5026,930
5027,894
5028,755
5029,638
5030,541
5031,459
5032,390
5033,331
5034,281
5035,240
5036,204
5037,174
5038,148
5039,127
5040,109
5041,93
5042,80
5043,95
5044,236
5045,351
5046,449
5047,531
5048,602
5049,662
5050,713
5051,756
5052,794
5053,825
5054,853
5055,875
5056,895
5057,912
5058,927
5059,929
5060,788
5061,666
5062,565
5063,478
5064,406
5065,345
5066,294
5067,249
5068,213
5069,181
5070,155
5071,132
5072,113
5073,97
5074,83
5075,72
5076,203
5077,323
5078,425
5079,512
5080,585
5081,648
5082,701
5083,746
5084,785
5085,818
5086,846
5087,870
5088,890
5089,908
5090,923
5091,936
5092,823
5093,695
5094,589
5095,498
5096,424
5097,359
5098,306
5099,260
5100,222
5101,188
5102,161
5103,138
5104,118
5105,101
5106,87
5107,75
5108,166
5109,295
5110,400
5111,492
5112,567
5113,634
5114,688
5115,736
5116,775
5117,810
5118,839
5119,864
5120,886
5121,904
5122,920
5123,933
5124,860
5125,725
5126,614
5127,521
5128,442
5129,375
5130,319
5131,271
5132,231
5133,197
5134,168
5135,143
5136,123
5137,105
5138,90
5139,77
5140,130
5141,264
5142,375
5143,470
5144,549
5145,617
5146,675
5147,724
5148,766
5149,802
5150,832
5151,858
5152,880
5153,899
5154,916
5155,929
5156,898
5157,757
5158,641
5159,543
5160,461
5161,391
5162,332
5163,282
5164,241
5165,205
5166,175
5167,149
5168,128
5169,110
5170,94
5171,81
5172,92
5173,233
5174,349
5175,447
5176,530
5177,601
5178,661
5179,712
5180,755
5181,793
5182,825
5183,852
5184,875
5185,895
5186,911
5187,926
5188,932
5189,792
5190,669
5191,567
5192,480
5193,408
5194,347
5195,295
5196,251
5197,214
5198,182
5199,155
5200,132
5201,114
5202,97
5203,84
5204,73
5205,199
5206,322
5207,423
5208,510
5209,583
5210,646
5211,700
5212,745
5213,784
5214,817
5215,845
5216,869
5217,890
5218,907
5219,923
5220,936
5221,826
5222,697
5223,591
5224,501
5225,425
5226,361
5227,307
5228,261
5229,223
5230,189
5231,162
5232,138
5233,119
5234,101
5235,87
5236,75
5237,163
5238,292
5239,398
5240,489
5241,566
5242,631
5243,687
5244,734
5245,775
5246,809
5247,838
5248,864
5249,885
5250,903
5251,919
5252,933
5253,864
5254,728
5255,618
5256,522
5257,444
5258,376
5259,320
5260,272
5261,232
5262,197
5263,168
5264,144
5265,123
5266,106
5267,90
5268,78
5269,126
5270,261
5271,372
5272,468
5273,547
5274,616
5275,673
5276,723
5277,764
5278,801
5279,831
5280,858
5281,880
5282,899
5283,915
5284,929
5285,901
5286,761
5287,643
5288,545
5289,462
5290,393
5291,333
5292,283
5293,241
5294,205
5295,175
5296,149
5297,128
5298,110
5299,94
5300,81
5301,88
5302,230
5303,346
5304,445
5305,528
5306,599
5307,659
5308,711
5309,755
5310,792
5311,824
5312,851
5313,874
5314,894
5315,911
5316,926
5317,934
5318,794
5319,671
5320,569
5321,482
5322,409
5323,347
5324,296
5325,251
5326,214
5327,182
5328,156
5329,133
5330,114
5331,98
5332,84
5333,72
5334,195
5335,318
5336,421
5337,508
5338,582
5339,645
5340,699
5341,744
5342,783
5343,816
5344,845
5345,869
5346,890
5347,907
5348,922
5349,935
5350,830
5351,700
5352,594
5353,503
5354,427
5355,362
5356,308
5357,262
5358,223
5359,190
5360,162
5361,139
5362,119
5363,102
5364,87
5365,75
5366,160
5367,290
5368,396
5369,488
5370,564
5371,630
5372,685
5373,733
5374,773
5375,808
5376,838
5377,863
5378,884
5379,903
5380,919
5381,932
5382,867
5383,731
5384,620
5385,524
5386,446
5387,378
5388,321
5389,273
5390,233
5391,198
5392,169
5393,144
5394,124
5395,106
5396,91
5397,78
5398,122
5399,259
5400,370
5401,466
5402,545
5403,614
5404,672
5405,722
5406,764
5407,800
5408,830
5409,857
5410,880
5411,898
5412,915
5413,929
5414,904
5415,764
5416,646
5417,548
5418,464
5419,393
5420,335
5421,285
5422,242
5423,206
5424,176
5425,150
5426,128
5427,110
5428,94
5429,81
5430,84
5431,227
5432,343
5433,443
5434,527
5435,597
5436,659
5437,709
5438,754
5439,791
5440,823
5441,850
5442,874
5443,894
5444,911
5445,925
5446,936
5447,798
5448,674
5449,571
5450,484
5451,411
5452,349
5453,297
5454,252
5455,215
5456,183
5457,157
5458,134
5459,115
5460,98
5461,84
5462,72
5463,192
5464,315
5465,418
5466,506
5467,580
5468,644
5469,697
5470,743
5471,782
5472,815
5473,844
5474,868
5475,889
5476,907
5477,922
5478,935
5479,832
5480,704
5481,595
5482,505
5483,428
5484,364
5485,309
5486,263
5487,224
5488,191
5489,163
5490,139
5491,119
5492,102
5493,88
5494,75
5495,156
5496,287
5497,393
5498,485
5499,562
5500,629
5501,684
5502,732
5503,773
5504,807
5505,837
5506,863
5507,884
5508,902
5509,918
5510,932
5511,870
5512,735
5513,621
5514,527
5515,447
5516,379
5517,322
5518,274
5519,233
5520,199
5521,169
5522,145
5523,124
5524,106
5525,91
5526,78
5527,119
5528,256
5529,368
5530,464
5531,544
5532,613
5533,671
5534,721
5535,763
5536,799
5537,830
5538,857
5539,879
5540,899
5541,914
5542,929
5543,908
5544,767
5545,648
5546,550
5547,466
5548,395
5549,336
5550,286
5551,243
5552,207
5553,177
5554,151
5555,129
5556,111
5557,95
5558,81
5559,81
5560,223
5561,340
5562,441
5563,524
5564,596
5565,657
5566,709
5567,753
5568,791
5569,822
5570,850
5571,874
5572,893
5573,911
5574,925
5575,938
5576,800
5577,678
5578,573
5579,486
5580,412
5581,351
5582,298
5583,253
5584,216
5585,185
5586,157
5587,134
5588,115
5589,99
5590,84
5591,73
5592,190
5593,313
5594,417
5595,504
5596,579
5597,643
5598,696
5599,742
5600,781
5601,815
5602,843
5603,868
5604,889
5605,906
5606,922
5607,935
5608,837
5609,706
5610,599
5611,507
5612,430
5613,365
5614,311
5615,264
5616,225
5617,192
5618,163
5619,140
5620,120
5621,102
5622,88
5623,76
5624,153
5625,284
5626,391
5627,483
5628,561
5629,627
5630,683
5631,731
5632,772
5633,807
5634,836
5635,862
5636,883
5637,902
5638,918
5639,931
5640,874
5641,737
5642,625
5643,528
5644,449
5645,380
5646,324
5647,275
5648,234
5649,200
5650,170
5651,146
5652,125
5653,107
5654,91
5655,79
5656,115
5657,253
5658,365
5659,461
5660,542
5661,612
5662,670
5663,720
5664,762
5665,799
5666,829
5667,856
5668,878
5669,898
5670,914
5671,928
5672,911
5673,770
5674,651
5675,551
5676,468
5677,397
5678,337
5679,287
5680,244
5681,208
5682,177
5683,151
5684,129
5685,111
5686,95
5687,82
5688,78
5689,219
5690,339
5691,438
5692,523
5693,594
5694,656
5695,707
5696,752
5697,789
5698,822
5699,849
5700,873
5701,893
5702,910
5703,925
5704,938
5705,804
5706,679
5707,576
5708,488
5709,414
5710,351
5711,300
5712,255
5713,217
5714,185
5715,158
5716,135
5717,116
5718,99
5719,85
5720,73
5721,186
5722,310
5723,414
5724,502
5725,577
5726,641
5727,695
5728,741
5729,781
5730,814
5731,843
5732,867
5733,888
5734,906
5735,921
5736,935
5737,840
5738,709
5739,601
5740,509
5741,432
5742,367
5743,312
5744,266
5745,226
5746,192
5747,164
5748,140
5749,120
5750,103
5751,88
5752,76
5753,149
5754,281
5755,389
5756,482
5757,559
5758,626
5759,682
5760,730
5761,771
5762,806
5763,836
5764,861
5765,883
5766,902
5767,917
5768,931
5769,877
5770,741
5771,626
5772,531
5773,450
5774,383
5775,325
5776,277
5777,235
5778,201
5779,171
5780,146
5781,125
5782,107
5783,92
5784,79
5785,111
5786,250
5787,362
5788,459
5789,540
5790,610
5791,668
5792,719
5793,761
5794,798
5795,828
5796,855
5797,878
5798,897
5799,914
5800,928
5801,915
5802,774
5803,654
5804,554
5805,470
5806,399
5807,339
5808,288
5809,245
5810,209
5811,178
5812,152
5813,130
5814,111
5815,95
5816,82
5817,76
5818,217
5819,336
5820,436
5821,520
5822,593
5823,654
5824,707
5825,750
5826,789
5827,821
5828,849
5829,872
5830,893
5831,910
5832,925
5833,937
5834,806
5835,683
5836,578
5837,490
5838,415
5839,353
5840,300
5841,256
5842,217
5843,186
5844,158
5845,136
5846,116
5847,99
5848,85
5849,73
5850,183
5851,308
5852,411
5853,501
5854,575
5855,640
5856,694
5857,740
5858,779
5859,813
5860,842
5861,867
5862,888
5863,906
5864,921
5865,934
5866,843
5867,712
5868,603
5869,511
5870,434
5871,368
5872,313
5873,266
5874,227
5875,193
5876,165
5877,141
5878,121
5879,103
5880,89
5881,76
5882,146
5883,278
5884,387
5885,480
5886,557
5887,624
5888,681
5889,729
5890,770
5891,805
5892,835
5893,861
5894,883
5895,901
5896,917
5897,931
5898,881
5899,743
5900,630
5901,532
5902,452
5903,384
5904,326
5905,277
5906,236
5907,201
5908,172
5909,147
5910,126
5911,108
5912,92
5913,79
5914,108
5915,247
5916,360
5917,457
5918,538
5919,608
5920,667
5921,718
5922,760
5923,797
5924,828
5925,855
5926,877
5927,897
5928,913
5929,928
5930,918
5931,775
5932,656
5933,556
5934,471
5935,400
5936,340
5937,289
5938,246
5939,210
5940,179
5941,153
5942,131
5943,112
5944,96
5945,82
5946,73
5947,214
5948,333
5949,434
5950,519
5951,591
5952,652
5953,705
5954,750
5955,788
5956,820
5957,848
5958,872
5959,892
5960,910
5961,924
5962,937
5963,810
5964,686
5965,580
5966,493
5967,417
5968,355
5969,301
5970,257
5971,218
5972,186
5973,159
5974,136
5975,116
5976,99
5977,86
5978,74
5979,180
5980,304
5981,410
5982,498
5983,574
5984,638
5985,693
5986,739
5987,779
5988,812
5989,842
5990,866
5991,888
5992,905
5993,921
5994,934
5995,847
5996,715
5997,606
5998,513
5999,435
6000,369
6001,314
6002,267
6003,228
6004,194
6005,165
6006,141
6007,121
6008,103
6009,89
6010,76
6011,142
6012,275
6013,384
6014,477
6015,555
6016,623
6017,680
6018,728
6019,769
6020,804
6021,835
6022,860
6023,882
6024,901
6025,917
6026,931
6027,884
6028,747
6029,631
6030,535
6031,454
6032,386
6033,327
6034,279
6035,237
6036,202
6037,172
6038,147
6039,126
6040,108
6041,92
6042,79
6043,105
6044,244
6045,358
6046,455
6047,537
6048,607
6049,666
6050,716
6051,759
6052,796
6053,827
6054,854
6055,877
6056,896
6057,913
6058,927
6059,921
6060,779
6061,659
6062,558
6063,473
6064,401
6065,342
6066,290
6067,247
6068,210
6069,179
6070,153
6071,131
6072,112
6073,96
6074,83
6075,72
6076,210
6077,331
6078,431
6079,518
6080,589
6081,652
6082,704
6083,749
6084,787
6085,820
6086,847
6087,871
6088,892
6089,909
6090,924
6091,937
6092,813
6093,688
6094,582
6095,494
6096,418
6097,356
6098,302
6099,257
6100,219
6101,187
6102,159
6103,136
6104,117
6105,100
6106,86
6107,74
6108,175
6109,302
6110,407
6111,497
6112,572
6113,637
6114,691
6115,738
6116,778
6117,812
6118,840
6119,866
6120,886
6121,905
6122,920
6123,934
6124,851
6125,718
6126,609
6127,515
6128,438
6129,371
6130,316
6131,268
6132,229
6133,195
6134,167
6135,142
6136,122
6137,104
6138,90
6139,77
6140,139
6141,272
6142,381
6143,475
6144,555
6145,621
6146,678
6147,727
6148,768
6149,803
6150,834
6151,859
6152,882
6153,901
6154,917
6155,931
6156,888
6157,749
6158,635
6159,537
6160,456
6161,387
6162,329
6163,279
6164,238
6165,203
6166,173
6167,148
6168,127
6169,108
6170,93
6171,80
6172,101
6173,241
6174,355
6175,453
6176,535
6177,605
6178,664
6179,715
6180,758
6181,795
6182,826
6183,853
6184,876
6185,896
6186,913
6187,927
6188,926
6189,783
6190,662
6191,561
6192,476
6193,403
6194,343
6195,291
6196,248
6197,211
6198,180
6199,154
6200,132
6201,112
6202,96
6203,83
6204,70
6205,208
6206,328
6207,430
6208,515
6209,588
6210,650
6211,703
6212,748
6213,786
6214,819
6215,847
6216,872
6217,891
6218,909
6219,924
6220,937
6221,818
6222,690
6223,586
6224,495
6225,421
6226,357
6227,304
6228,258
6229,220
6230,188
6231,160
6232,137
6233,117
6234,100
6235,86
6236,74
6237,172
6238,299
6239,404
6240,495
6241,570
6242,636
6243,690
6244,738
6245,777
6246,811
6247,840
6248,866
6249,886
6250,905
6251,920
6252,933
6253,853
6254,721
6255,610
6256,517
6257,439
6258,373
6259,316
6260,270
6261,229
6262,195
6263,167
6264,143
6265,121
6266,105
6267,90
6268,77
6269,135
6270,270
6271,379
6272,473
6273,552
6274,620
6275,677
6276,726
6277,767
6278,803
6279,833
6280,859
6281,881
6282,900
6283,916
6284,930
6285,891
6286,753
6287,637
6288,540
6289,457
6290,388
6291,330
6292,281
6293,239
6294,203
6295,173
6296,149
6297,127
6298,109
6299,93
6300,80
6301,97
6302,238
6303,353
6304,451
6305,533
6306,604
6307,663
6308,714
6309,757
6310,794
6311,826
6312,853
6313,876
6314,895
6315,912
6316,927
6317,928
6318,786
6319,665
6320,563
6321,477
6322,405
6323,344
6324,293
6325,249
6326,212
6327,181
6328,154
6329,132
6330,114
6331,97
6332,84
6333,71
6334,205
6335,325
6336,427
6337,513
6338,587
6339,648
6340,702
6341,746
6342,786
6343,818
6344,847
6345,870
6346,891
6347,908
6348,924
6349,936
6350,821
6351,693
6352,587
6353,497
6354,423
6355,358
6356,305
6357,259
6358,221
6359,188
6360,160
6361,137
6362,117
6363,101
6364,86
6365,74
6366,168
6367,297
6368,402
6369,493
6370,568
6371,634
6372,689
6373,736
6374,776
6375,810
6376,839
6377,865
6378,886
6379,904
6380,920
6381,933
6382,858
6383,723
6384,613
6385,519
6386,441
6387,374
6388,319
6389,270
6390,230
6391,196
6392,168
6393,143
6394,122
6395,105
6396,90
6397,78
6398,132
6399,266
6400,378
6401,470
6402,550
6403,618
6404,676
6405,725
6406,767
6407,802
6408,832
6409,858
6410,880
6411,899
6412,916
6413,930
6414,896
6415,755
6416,640
6417,542
6418,460
6419,390
6420,331
6421,282
6422,240
6423,205
6424,174
6425,149
6426,127
6427,109
6428,94
6429,80
6430,93
6431,235
6432,350
6433,448
6434,531
6435,602
6436,662
6437,713
6438,756
6439,793
6440,825
6441,852
6442,875
6443,895
6444,912
6445,926
6446,931
6447,789
6448,668
6449,565
6450,479
6451,407
6452,345
6453,293
6454,250
6455,213
6456,181
6457,155
6458,132
6459,113
6460,97
6461,84
6462,72
6463,201
6464,323
6465,425
6466,511
6467,585
6468,648
6469,701
6470,746
6471,785
6472,817
6473,846
6474,871
6475,890
6476,908
6477,923
6478,936
6479,823
6480,697
6481,590
6482,499
6483,424
6484,360
6485,306
6486,260
6487,222
6488,189
6489,161
6490,138
6491,117
6492,101
6493,87
6494,75
6495,166
6496,293
6497,401
6498,490
6499,567
6500,632
6501,688
6502,735
6503,775
6504,809
6505,839
6506,864
6507,885
6508,904
6509,920
6510,932
6511,861
6512,726
6513,615
6514,521
6515,443
6516,375
6517,319
6518,271
6519,231
6520,197
6521,168
6522,144
6523,123
6524,105
6525,90
6526,78
6527,128
6528,264
6529,375
6530,469
6531,549
6532,617
6533,675
6534,724
6535,765
6536,801
6537,831
6538,858
6539,880
6540,899
6541,915
6542,929
6543,900
6544,758
6545,642
6546,543
6547,462
6548,391
6549,333
6550,283
6551,241
6552,205
6553,175
6554,149
6555,128
6556,110
6557,94
6558,81
6559,90
6560,231
6561,347
6562,446
6563,529
6564,600
6565,660
6566,712
6567,755
6568,793
6569,824
6570,852
6571,875
6572,894
6573,912
6574,927
6575,934
6576,792
6577,669
6578,567
6579,481
6580,408
6581,346
6582,295
6583,251
6584,214
6585,182
6586,156
6587,133
6588,114
6589,97
6590,84
6591,72
6592,198
6593,320
6594,423
6595,509
6596,583
6597,646
6598,700
6599,745
6600,784
6601,817
6602,845
6603,869
6604,890
6605,907
6606,923
6607,935
6608,828
6609,699
6610,592
6611,501
6612,426
6613,361
6614,307
6615,261
6616,222
6617,190
6618,162
6619,138
6620,118
6621,101
6622,87
6623,75
6624,161
6625,291
6626,397
6627,489
6628,565
6629,631
6630,687
6631,734
6632,774
6633,809
6634,838
6635,864
6636,885
6637,903
6638,920
6639,932
6640,864
6641,730
6642,617
6643,524
6644,444
6645,377
6646,320
6647,272
6648,232
6649,198
6650,168
6651,144
6652,123
6653,106
6654,91
6655,78
6656,127
6657,261
6658,373
6659,467
6660,547
6661,616
6662,673
6663,722
6664,765
6665,800
6666,831
6667,857
6668,880
6669,899
6670,915
6671,929
6672,902
6673,762
6674,644
6675,546
6676,463
6677,393
6678,334
6679,284
6680,241
6681,206
6682,176
6683,151
6684,128
6685,110
6686,94
6687,81
6688,86
6689,229
6690,345
6691,444
6692,527
6693,599
6694,659
6695,711
6696,754
6697,792
6698,823
6699,851
6700,875
6701,894
6702,911
6703,926
6704,935
6705,795
6706,673
6707,569
6708,483
6709,409
6710,348
6711,296
6712,252
6713,214
6714,183
6715,157
6716,133
6717,115
6718,98
6719,84
6720,72
6721,194
6722,318
6723,420
6724,508
6725,581
6726,645
6727,698
6728,744
6729,783
6730,816
6731,845
6732,869
6733,889
6734,908
6735,922
6736,936
6737,830
6738,702
6739,594
6740,504
6741,427
6742,362
6743,309
6744,263
6745,224
6746,191
6747,163
6748,139
6749,119
6750,102
6751,88
6752,75
6753,158
6754,288
6755,395
6756,487
6757,563
6758,630
6759,685
6760,733
6761,773
6762,808
6763,837
6764,863
6765,884
6766,903
6767,918
6768,932
6769,868
6770,733
6771,620
6772,526
6773,446
6774,379
6775,321
6776,274
6777,233
6778,199
6779,169
6780,145
6781,124
6782,106
6783,91
6784,78
6785,121
6786,257
6787,369
6788,464
6789,545
6790,614
6791,672
6792,721
6793,764
6794,800
6795,830
6796,857
6797,879
6798,898
6799,915
6800,929
6801,907
6802,764
6803,648
6804,548
6805,465
6806,394
6807,336
6808,285
6809,243
6810,207
6811,176
6812,150
6813,129
6814,110
6815,95
6816,81
6817,83
6818,225
6819,342
6820,442
6821,525
6822,598
6823,658
6824,710
6825,753
6826,791
6827,823
6828,850
6829,874
6830,893
6831,911
6832,925
6833,937
6834,799
6835,675
6836,572
6837,485
6838,412
6839,349
6840,297
6841,253
6842,215
6843,184
6844,157
6845,134
6846,115
6847,98
6848,84
6849,73
6850,191
6851,315
6852,417
6853,506
6854,580
6855,644
6856,697
6857,743
6858,782
6859,815
6860,844
6861,868
6862,889
6863,907
6864,922
6865,935
6866,833
6867,705
6868,596
6869,506
6870,429
6871,364
6872,310
6873,263
6874,225
6875,191
6876,163
6877,139
6878,119
6879,103
6880,88
6881,76
6882,155
6883,286
6884,393
6885,485
6886,562
6887,628
6888,684
6889,732
6890,772
6891,807
6892,837
6893,862
6894,884
6895,902
6896,919
6897,932
6898,870
6899,736
6900,622
6901,528
6902,448
6903,380
6904,322
6905,275
6906,233
6907,199
6908,170
6909,145
6910,124
6911,106
6912,92
6913,79
6914,119
6915,255
6916,368
6917,463
6918,544
6919,612
6920,671
6921,720
6922,763
6923,799
6924,830
6925,856
6926,879
6927,898
6928,914
6929,928
6930,909
6931,768
6932,649
6933,551
6934,466
6935,396
6936,336
6937,286
6938,244
6939,208
6940,177
6941,151
6942,129
6943,111
6944,95
6945,82
6946,80
6947,222
6948,340
6949,440
6950,523
6951,596
6952,656
6953,708
6954,752
6955,790
6956,822
6957,850
6958,874
6959,893
6960,911
6961,925
6962,937
6963,802
6964,677
6965,575
6966,487
6967,414
6968,351
6969,299
6970,254
6971,216
6972,184
6973,157
6974,135
6975,116
6976,99
6977,85
6978,73
6979,188
6980,312
6981,415
6982,504
6983,578
6984,642
6985,696
6986,742
6987,781
6988,814
6989,843
6990,868
6991,888
6992,907
6993,921
6994,935
6995,837
6996,708
6997,599
6998,507
6999,430
7000,366
7001,311
7002,264
7003,225
7004,192
7005,164
7006,140
7007,120
7008,103
7009,88
7010,76
7011,152
7012,283
7013,390
7014,483
7015,560
7016,627
7017,683
7018,731
7019,771
7020,807
7021,836
7022,862
7023,884
7024,902
7025,918
7026,931
7027,874
7028,739
7029,625
7030,530
7031,449
7032,382
7033,324
7034,276
7035,234
7036,200
7037,170
7038,145
7039,125
7040,107
7041,92
7042,79
7043,115
7044,252
7045,365
7046,461
7047,541
7048,611
7049,670
7050,719
7051,762
7052,798
7053,829
7054,856
7055,878
7056,897
7057,914
7058,928
7059,914
7060,770
7061,653
7062,552
7063,469
7064,397
7065,338
7066,287
7067,245
7068,208
7069,178
7070,151
7071,130
7072,111
7073,95
7074,82
7075,77
7076,220
7077,337
7078,438
7079,522
7080,595
7081,655
7082,708
7083,752
7084,790
7085,822
7086,850
7087,873
7088,893
7089,910
7090,925
7091,937
7092,804
7093,681
7094,576
7095,489
7096,414
7097,352
7098,299
7099,255
7100,217
7101,185
7102,158
7103,135
7104,116
7105,99
7106,85
7107,73
7108,184
7109,310
7110,413
7111,502
7112,576
7113,641
7114,695
7115,741
7116,780
7117,814
7118,842
7119,867
7120,888
7121,906
7122,921
7123,934
7124,841
7125,710
7126,600
7127,509
7128,432
7129,367
7130,312
7131,265
7132,227
7133,192
7134,165
7135,140
7136,121
7137,103
7138,88
7139,76
7140,148
7141,280
7142,388
7143,481
7144,558
7145,625
7146,682
7147,730
7148,771
7149,806
7150,836
7151,861
7152,883
7153,901
7154,917
7155,931
7156,879
7157,741
7158,628
7159,531
7160,451
7161,383
7162,325
7163,277
7164,236
7165,201
7166,171
7167,146
7168,125
7169,107
7170,92
7171,79
7172,111
7173,249
7174,362
7175,458
7176,540
7177,609
7178,668
7179,718
7180,761
7181,797
7182,828
7183,855
7184,878
7185,897
7186,913
7187,928
7188,916
7189,774
7190,655
7191,555
7192,470
7193,399
7194,339
7195,289
7196,245
7197,209
7198,178
7199,152
7200,130
7201,111
7202,95
7203,82
7204,74
7205,216
7206,334
7207,435
7208,520
7209,592
7210,654
7211,706
7212,750
7213,788
7214,821
7215,848
7216,872
7217,892
7218,910
7219,925
7220,937
7221,809
7222,683
7223,579
7224,490
7225,417
7226,353
7227,301
7228,256
7229,218
7230,185
7231,158
7232,136
7233,116
7234,99
7235,85
7236,73
7237,180
7238,307
7239,410
7240,500
7241,575
7242,639
7243,693
7244,740
7245,779
7246,814
7247,842
7248,867
7249,887
7250,906
7251,921
7252,934
7253,845
7254,714
7255,605
7256,512
7257,434
7258,369
7259,314
7260,266
7261,227
7262,193
7263,165
7264,141
7265,121
7266,103
7267,89
7268,76
7269,146
7270,276
7271,386
7272,478
7273,557
7274,623
7275,680
7276,728
7277,770
7278,805
7279,835
7280,861
7281,882
7282,901
7283,917
7284,931
7285,882
7286,744
7287,631
7288,533
7289,453
7290,384
7291,327
7292,278
7293,237
7294,201
7295,172
7296,147
7297,125
7298,108
7299,92
7300,79
7301,108
7302,246
7303,360
7304,457
7305,538
7306,608
7307,667
7308,717
7309,760
7310,796
7311,828
7312,855
7313,877
7314,897
7315,913
7316,928
7317,920
7318,777
7319,658
7320,556
7321,473
7322,401
7323,341
7324,289
7325,247
7326,210
7327,179
7328,153
7329,131
7330,112
7331,96
7332,83
7333,72
7334,213
7335,332
7336,433
7337,518
7338,591
7339,653
7340,705
7341,750
7342,788
7343,820
7344,848
7345,872
7346,892
7347,910
7348,924
7349,937
7350,812
7351,686
7352,581
7353,492
7354,417
7355,355
7356,302
7357,257
7358,219
7359,187
7360,159
7361,136
7362,116
7363,100
7364,86
7365,74
7366,177
7367,304
7368,408
7369,498
7370,573
7371,638
7372,692
7373,739
7374,778
7375,812
7376,841
7377,866
7378,887
7379,905
7380,920
7381,934
7382,849
7383,716
7384,607
7385,514
7386,437
7387,371
7388,314
7389,268
7390,228
7391,194
7392,166
7393,142
7394,121
7395,104
7396,89
7397,77
7398,141
7399,274
7400,383
7401,477
7402,555
7403,623
7404,679
7405,728
7406,769
7407,804
7408,834
7409,860
7410,882
7411,901
7412,917
7413,931
7414,885
7415,748
7416,633
7417,536
7418,455
7419,386
7420,328
7421,279
7422,237
7423,202
7424,172
7425,147
7426,126
7427,108
7428,92
7429,80
7430,103
7431,243
7432,357
7433,455
7434,536
7435,606
7436,665
7437,716
7438,759
7439,796
7440,827
7441,854
7442,877
7443,896
7444,913
7445,928
7446,923
7447,779
7448,660
7449,559
7450,474
7451,402
7452,342
7453,290
7454,248
7455,211
7456,180
7457,153
7458,131
7459,112
7460,96
7461,83
7462,71
7463,210
7464,330
7465,431
7466,516
7467,589
7468,651
7469,704
7470,748
7471,787
7472,819
7473,848
7474,871
7475,892
7476,909
7477,924
7478,937
7479,815
7480,688
7481,584
7482,494
7483,420
7484,356
7485,303
7486,258
7487,220
7488,187
7489,160
7490,136
7491,117
7492,100
7493,86
7494,74
7495,174
7496,302
7497,406
7498,496
7499,571
7500,636
7501,691
7502,738
7503,777
7504,812
7505,840
7506,866
7507,886
7508,905
7509,920
7510,934
7511,851
7512,718
7513,608
7514,515
7515,437
7516,371
7517,316
7518,269
7519,229
7520,195
7521,166
7522,142
7523,122
7524,104
7525,89
7526,77
7527,138
7528,271
7529,381
7530,475
7531,553
7532,621
7533,677
7534,727
7535,768
7536,804
7537,834
7538,860
7539,881
7540,900
7541,916
7542,930
7543,890
7544,750
7545,636
7546,538
7547,457
7548,387
7549,329
7550,280
7551,239
7552,203
7553,173
7554,148
7555,126
7556,109
7557,93
7558,80
7559,99
7560,240
7561,354
7562,452
7563,534
7564,604
7565,664
7566,715
7567,758
7568,795
7569,826
7570,853
7571,876
7572,896
7573,912
7574,927
7575,927
7576,783
7577,663
7578,561
7579,476
7580,404
7581,343
7582,292
7583,248
7584,212
7585,180
7586,154
7587,132
7588,112
7589,97
7590,83
7591,70
7592,207
7593,327
7594,429
7595,515
7596,588
7597,650
7598,703
7599,747
7600,786
7601,818
7602,847
7603,870
7604,891
7605,908
7606,924
7607,936
7608,818
7609,691
7610,585
7611,497
7612,421
7613,358
7614,304
7615,259
7616,220
7617,188
7618,160
7619,137
7620,117
7621,101
7622,86
7623,74
7624,171
7625,298
7626,403
7627,494
7628,570
7629,635
7630,690
7631,737
7632,777
7633,811
7634,840
7635,865
7636,886
7637,904
7638,920
7639,933
7640,856
7641,722
7642,612
7643,519
7644,439
7645,373
7646,317
7647,270
7648,229
7649,196
7650,167
7651,143
7652,121
7653,104
7654,89
7655,77
7656,134
7657,269
7658,379
7659,473
7660,552
7661,620
7662,676
7663,726
7664,767
7665,803
7666,833
7667,859
7668,881
7669,900
7670,916
7671,930
7672,893
7673,753
7674,638
7675,540
7676,459
7677,388
7678,331
7679,281
7680,239
7681,204
7682,174
7683,148
7684,127
7685,109
7686,93
7687,80
7688,96
7689,237
7690,352
7691,450
7692,532
7693,603
7694,662
7695,714
7696,757
7697,794
7698,825
7699,853
7700,876
7701,895
7702,912
7703,927
7704,928
7705,787
7706,665
7707,564
7708,478
7709,406
7710,344
7711,293
7712,249
7713,213
7714,181
7715,155
7716,132
7717,114
7718,97
7719,83
7720,72
7721,204
7722,324
7723,427
7724,513
7725,586
7726,649
7727,701
7728,746
7729,785
7730,818
7731,846
7732,870
7733,891
7734,908
7735,923
7736,936
7737,821
7738,694
7739,588
7740,498
7741,423
7742,359
7743,306
7744,260
7745,221
7746,189
7747,161
7748,138
7749,118
7750,101
7751,87
7752,74
7753,167
7754,296
7755,401
7756,492
7757,568
7758,634
7759,688
7760,736
7761,776
7762,810
7763,839
7764,865
7765,885
7766,904
7767,919
7768,933
7769,858
7770,724
7771,613
7772,520
7773,441
7774,375
7775,318
7776,271
7777,230
7778,196
7779,167
7780,143
7781,122
7782,105
7783,90
7784,77
7785,131
7786,266
7787,376
7788,471
7789,549
7790,618
7791,675
7792,724
7793,766
7794,802
7795,832
7796,859
7797,880
7798,899
7799,916
7800,930
7801,896
7802,757
7803,640
7804,543
7805,460
7806,391
7807,332
7808,282
7809,240
7810,205
7811,175
7812,149
7813,128
7814,109
7815,94
7816,80
7817,92
7818,234
7819,349
7820,448
7821,530
7822,602
7823,662
7824,712
7825,756
7826,793
7827,825
7828,852
7829,875
7830,895
7831,912
7832,926
7833,932
7834,789
7835,668
7836,566
7837,480
7838,407
7839,346
7840,294
7841,250
7842,213
7843,182
7844,155
7845,133
7846,114
7847,97
7848,84
7849,72
7850,200
7851,323
7852,424
7853,511
7854,584
7855,647
7856,700
7857,745
7858,784
7859,817
7860,845
7861,869
7862,890
7863,908
7864,923
7865,936
7866,825
7867,697
7868,591
7869,500
7870,425
7871,360
7872,307
7873,261
7874,222
7875,189
7876,161
7877,138
7878,118
7879,101
7880,87
7881,75
7882,164
7883,293
7884,399
7885,490
7886,567
7887,632
7888,687
7889,734
7890,775
7891,809
7892,839
7893,864
7894,885
7895,903
7896,919
7897,933
7898,863
7899,728
7900,615
7901,522
7902,442
7903,376
7904,319
7905,272
7906,231
7907,197
7908,168
7909,144
7910,123
7911,105
7912,91
7913,78
7914,127
7915,263
7916,373
7917,469
7918,548
7919,617
7920,674
7921,723
7922,765
7923,801
7924,831
7925,858
7926,880
7927,899
7928,915
7929,929
7930,899
7931,760
7932,642
7933,545
7934,462
7935,392
7936,333
7937,283
7938,241
7939,205
7940,175
7941,149
7942,128
7943,110
7944,94
7945,81
7946,89
7947,231
7948,347
7949,446
7950,528
7951,600
7952,660
7953,711
7954,755
7955,792
7956,824
7957,851
7958,875
7959,894
7960,911
7961,926
7962,934
7963,792
7964,671
7965,568
7966,482
7967,408
7968,348
7969,295
7970,251
7971,214
7972,183
7973,156
7974,133
7975,114
7976,98
7977,84
7978,72
7979,197
7980,319
7981,422
7982,509
7983,583
7984,646
7985,699
7986,745
7987,783
7988,816
7989,845
7990,869
7991,890
7992,907
7993,923
7994,936
7995,829
7996,700
7997,593
7998,502
7999,426
8000,362
8001,308
8002,262
8003,223
8004,190
8005,162
8006,139
8007,118
8008,102
8009,87
8010,75
8011,160
8012,290
8013,396
8014,488
8015,564
8016,630
8017,686
8018,733
8019,774
8020,808
8021,838
8022,863
8023,884
8024,903
8025,919
8026,932
8027,865
8028,731
8029,618
8030,524
8031,444
8032,378
8033,321
8034,273
8035,232
8036,198
8037,169
8038,144
8039,123
8040,105
8041,91
8042,78
8043,123
8044,259
8045,371
8046,466
8047,546
8048,615
8049,673
8050,722
8051,764
8052,800
8053,831
8054,857
8055,880
8056,899
8057,915
8058,929
8059,903
8060,763
8061,645
8062,547
8063,463
8064,393
8065,334
8066,284
8067,242
8068,206
8069,176
8070,150
8071,128
8072,109
8073,94
8074,81
8075,86
8076,227
8077,344
8078,444
8079,528
8080,598
8081,659
8082,710
8083,754
8084,791
8085,824
8086,851
8087,874
8088,894
8089,911
8090,926
8091,936
8092,797
8093,673
8094,571
8095,483
8096,410
8097,348
8098,296
8099,252
8100,215
8101,183
8102,156
8103,134
8104,115
8105,98
8106,84
8107,72
8108,194
8109,317
8110,420
8111,507
8112,581
8113,644
8114,698
8115,743
8116,783
8117,815
8118,844
8119,868
8120,889
8121,907
8122,922
8123,935
8124,832
8125,702
8126,595
8127,504
8128,428
8129,363
8130,309
8131,262
8132,224
8133,191
8134,163
8135,139
8136,119
8137,102
8138,87
8139,75
8140,157
8141,287
8142,394
8143,486
8144,562
8145,629
8146,685
8147,732
8148,773
8149,807
8150,837
8151,863
8152,884
8153,903
8154,919
8155,932
8156,870
8157,733
8158,621
8159,526
8160,447
8161,379
8162,322
8163,274
8164,233
8165,199
8166,170
8167,145
8168,124
8169,107
8170,91
8171,78
8172,120
8173,257
8174,368
8175,464
8176,544
8177,613
8178,671
8179,721
8180,763
8181,799
8182,830
8183,857
8184,879
8185,898
8186,915
8187,929
8188,907
8189,766
8190,648
8191,549
8192,465
8193,395
8194,335
8195,285
8196,243
8197,207
8198,176
8199,151
8200,129
8201,111
8202,95
8203,82
8204,82
8205,224
8206,341
8207,442
8208,525
8209,597
8210,657
8211,709
8212,753
8213,791
8214,822
8215,850
8216,873
8217,894
8218,911
8219,925
8220,938
8221,799
8222,677
8223,572
8224,486
8225,413
8226,351
8227,297
8228,254
8229,215
8230,184
8231,157
8232,134
8233,115
8234,98
8235,84
8236,73
8237,190
8238,313
8239,417
8240,504
8241,580
8242,643
8243,696
8244,743
8245,781
8246,815
8247,843
8248,868
8249,888
8250,907
8251,922
8252,935
8253,834
8254,706
8255,597
8256,507
8257,430
8258,365
8259,310
8260,264
8261,224
8262,192
8263,163
8264,140
8265,119
8266,103
8267,88
8268,75
8269,154
8270,285
8271,392
8272,484
8273,561
8274,628
8275,683
8276,731
8277,772
8278,807
8279,836
8280,862
8281,884
8282,902
8283,918
8284,932
8285,872
8286,737
8287,623
8288,528
8289,448
8290,381
8291,323
8292,275
8293,234
8294,200
8295,170
8296,146
8297,124
8298,107
8299,91
8300,79
8301,117
8302,254
8303,366
8304,462
8305,543
8306,612
8307,670
8308,720
8309,762
8310,799
8311,830
8312,856
8313,879
8314,898
8315,914
8316,928
8317,910
8318,769
8319,650
8320,550
8321,468
8322,396
8323,336
8324,287
8325,244
8326,207
8327,177
8328,151
8329,130
8330,111
8331,95
8332,82
8333,80
8334,221
8335,338
8336,439
8337,523
8338,595
8339,656
8340,708
8341,752
8342,790
8343,822
8344,850
8345,873
8346,893
8347,910
8348,925
8349,937
8350,802
8351,679
8352,574
8353,488
8354,414
8355,351
8356,299
8357,254
8358,216
8359,184
8360,158
8361,135
8362,115
8363,99
8364,85
8365,73
8366,188
8367,311
8368,415
8369,502
8370,578
8371,641
8372,696
8373,741
8374,781
8375,814
8376,843
8377,867
8378,888
8379,906
8380,922
8381,935
8382,839
8383,708
8384,601
8385,508
8386,432
8387,366
8388,312
8389,265
8390,226
8391,192
8392,165
8393,140
8394,120
8395,103
8396,88
8397,76
8398,150
8399,282
8400,390
8401,482
8402,559
8403,626
8404,682
8405,731
8406,772
8407,806
8408,836
8409,862
8410,883
8411,902
8412,918
8413,931
8414,877
8415,739
8416,627
8417,530
8418,450
8419,382
8420,325
8421,276
8422,235
8423,200
8424,171
8425,146
8426,125
8427,107
8428,92
8429,79
8430,113
8431,251
8432,363
8433,460
8434,540
8435,610
8436,669
8437,719
8438,761
8439,798
8440,829
8441,855
8442,878
8443,897
8444,914
8445,928
8446,913
8447,772
8448,653
8449,553
8450,469
8451,398
8452,338
8453,288
8454,245
8455,208
8456,178
8457,152
8458,130
8459,111
8460,95
8461,82
8462,76
8463,217
8464,337
8465,436
8466,522
8467,593
8468,655
8469,707
8470,751
8471,789
8472,821
8473,849
8474,873
8475,893
8476,910
8477,925
8478,937
8479,807
8480,681
8481,577
8482,489
8483,415
8484,352
8485,300
8486,255
8487,217
8488,185
8489,158
8490,135
8491,115
8492,99
8493,85
8494,73
8495,185
8496,309
8497,412
8498,502
8499,576
8500,640
8501,694
8502,741
8503,780
8504,814
8505,842
8506,868
8507,888
8508,906
8509,921
8510,935
8511,842
8512,711
8513,602
8514,510
8515,433
8516,367
8517,313
8518,266
8519,227
8520,193
8521,165
8522,141
8523,120
8524,103
8525,89
8526,76
8527,147
8528,279
8529,387
8530,480
8531,558
8532,625
8533,681
8534,729
8535,770
8536,805
8537,835
8538,861
8539,883
8540,901
8541,917
8542,931
8543,879
8544,742
8545,628
8546,533
8547,451
8548,384
8549,326
8550,278
8551,236
8552,201
8553,171
8554,147
8555,125
8556,108
8557,92
8558,79
8559,109
8560,248
8561,361
8562,458
8563,539
8564,609
8565,667
8566,718
8567,760
8568,797
8569,828
8570,855
8571,877
8572,897
8573,913
8574,928
8575,917
8576,773
8577,656
8578,556
8579,471
8580,400
8581,340
8582,289
8583,246
8584,209
8585,179
8586,152
8587,130
8588,112
8589,96
8590,82
8591,74
8592,215
8593,334
8594,435
8595,519
8596,592
8597,653
8598,706
8599,750
8600,788
8601,820
8602,848
8603,872
8604,892
8605,909
8606,924
8607,937
8608,809
8609,685
8610,579
8611,491
8612,416
8613,354
8614,301
8615,256
8616,218
8617,186
8618,159
8619,135
8620,116
8621,99
8622,85
8623,73
8624,181
8625,305
8626,410
8627,498
8628,574
8629,639
8630,693
8631,739
8632,779
8633,813
8634,842
8635,866
8636,887
8637,905
8638,921
8639,934
8640,847
8641,715
8642,606
8643,513
8644,436
8645,369
8646,315
8647,267
8648,228
8649,194
8650,165
8651,141
8652,121
8653,104
8654,89
8655,76
8656,142
8657,275
8658,384
8659,477
8660,555
8661,623
8662,680
8663,728
8664,769
8665,804
8666,834
8667,860
8668,882
8669,901
8670,917
8671,931
8672,883
8673,745
8674,631
8675,534
8676,454
8677,385
8678,327
8679,278
8680,237
8681,202
8682,172
8683,147
8684,126
8685,108
8686,92
8687,79
8688,105
8689,245
8690,358
8691,456
8692,537
8693,607
8694,666
8695,716
8696,759
8697,796
8698,827
8699,854
8700,877
8701,897
8702,913
8703,927
8704,920
8705,777
8706,658
8707,557
8708,473
8709,401
8710,341
8711,290
8712,247
8713,210
8714,179
8715,153
8716,131
8717,112
8718,96
8719,82
8720,72
8721,211
8722,332
8723,432
8724,518
8725,590
8726,652
8727,704
8728,749
8729,787
8730,820
8731,848
8732,871
8733,892
8734,909
8735,924
8736,937
8737,812
8738,687
8739,581
8740,494
8741,418
8742,356
8743,302
8744,257
8745,219
8746,187
8747,159
8748,136
8749,117
8750,100
8751,86
8752,74
8753,177
8754,303
8755,408
8756,497
8757,572
8758,637
8759,691
8760,739
8761,778
8762,812
8763,841
8764,866
8765,887
8766,905
8767,920
8768,934
8769,848
8770,717
8771,607
8772,515
8773,436
8774,371
8775,315
8776,268
8777,228
8778,194
8779,166
8780,142
8781,121
8782,104
8783,89
8784,77
8785,140
8786,273
8787,382
8788,476
8789,554
8790,621
8791,678
8792,727
8793,768
8794,803
8795,834
8796,860
8797,882
8798,900
8799,916
8800,930
8801,887
8802,749
8803,633
8804,536
8805,456
8806,386
8807,329
8808,279
8809,238
8810,203
8811,173
8812,148
8813,126
8814,108
8815,93
8816,80
8817,102
8818,242
8819,356
8820,454
8821,535
8822,606
8823,665
8824,716
8825,758
8826,795
8827,827
8828,854
8829,876
8830,896
8831,913
8832,927
8833,925
8834,782
8835,662
8836,560
8837,475
8838,402
8839,342
8840,291
8841,248
8842,211
8843,180
8844,154
8845,131
8846,112
8847,97
8848,82
8849,70
8850,209
8851,328
8852,430
8853,515
8854,589
8855,651
8856,703
8857,748
8858,786
8859,819
8860,847
8861,871
8862,891
8863,909
8864,924
8865,936
8866,816
8867,689
8868,584
8869,495
8870,420
8871,356
8872,304
8873,258
8874,220
8875,187
8876,160
8877,137
8878,117
8879,100
8880,86
8881,74
8882,173
8883,300
8884,405
8885,495
8886,571
8887,636
8888,690
8889,737
8890,777
8891,811
8892,840
8893,865
8894,886
8895,904
8896,920
8897,933
8898,853
8899,719
8900,610
8901,516
8902,438
8903,372
8904,316
8905,269
8906,229
8907,195
8908,166
8909,142
8910,122
8911,104
8912,89
8913,77
8914,136
8915,270
8916,380
8917,474
8918,553
8919,620
8920,678
8921,726
8922,768
8923,803
8924,833
8925,859
8926,881
8927,900
8928,916
8929,930
8930,890
8931,752
8932,635
8933,538
8934,458
8935,387
8936,330
8937,280
8938,239
8939,203
8940,174
8941,148
8942,127
8943,108
8944,93
8945,80
8946,98
8947,239
8948,353
8949,452
8950,533
8951,604
8952,663
8953,714
8954,757
8955,795
8956,826
8957,853
8958,876
8959,896
8960,913
8961,927
8962,927
8963,784
8964,663
8965,562
8966,477
8967,405
8968,344
8969,293
8970,249
8971,212
8972,180
8973,154
8974,132
8975,113
8976,97
8977,83
8978,72
8979,206
8980,326
8981,428
8982,513
8983,587
8984,649
8985,702
8986,747
8987,785
8988,818
8989,846
8990,870
8991,891
8992,908
8993,923
8994,936
8995,820
8996,692
8997,587
8998,497
8999,422
9000,358
9001,305
9002,259
9003,220
9004,188
9005,160
9006,137
9007,117
9008,101
9009,86
9010,74
9011,170
9012,298
9013,403
9014,493
9015,569
9016,635
9017,690
9018,736
9019,776
9020,811
9021,840
9022,865
9023,886
9024,904
9025,920
9026,933
9027,855
9028,723
9029,611
9030,519
9031,440
9032,373
9033,317
9034,270
9035,230
9036,196
9037,167
9038,143
9039,122
9040,105
9041,90
9042,78
9043,133
9044,268
9045,377
9046,471
9047,551
9048,618
9049,676
9050,725
9051,767
9052,802
9053,832
9054,859
9055,881
9056,900
9057,916
9058,930
9059,893
9060,755
9061,638
9062,541
9063,459
9064,390
9065,331
9066,282
9067,239
9068,204
9069,174
9070,149
9071,127
9072,109
9073,93
9074,80
9075,95
9076,236
9077,351
9078,449
9079,531
9080,603
9081,662
9082,713
9083,756
9084,794
9085,825
9086,852
9087,875
9088,895
9089,912
9090,927
9091,930
9092,788
9093,667
9094,564
9095,479
9096,406
9097,345
9098,293
9099,250
9100,212
9101,181
9102,155
9103,132
9104,114
9105,97
9106,83
9107,72
9108,203
9109,323
9110,426
9111,512
9112,585
9113,648
9114,701
9115,746
9116,785
9117,817
9118,846
9119,870
9120,890
9121,908
9122,923
9123,936
9124,823
9125,695
9126,589
9127,499
9128,424
9129,359
9130,306
9131,260
9132,222
9133,189
9134,162
9135,138
9136,118
9137,101
9138,87
9139,74
9140,166
9141,295
9142,401
9143,491
9144,567
9145,633
9146,688
9147,735
9148,776
9149,809
9150,839
9151,864
9152,885
9153,904
9154,920
9155,933
9156,860
9157,725
9158,615
9159,520
9160,442
9161,375
9162,319
9163,271
9164,231
9165,197
9166,168
9167,143
9168,123
9169,105
9170,90
9171,78
9172,129
9173,264
9174,376
9175,470
9176,549
9177,617
9178,675
9179,724
9180,766
9181,801
9182,832
9183,858
9184,880
9185,899
9186,916
9187,930
9188,898
9189,757
9190,642
9191,543
9192,461
9193,391
9194,333
9195,282
9196,241
9197,205
9198,175
9199,149
9200,128
9201,109
9202,94
9203,81
9204,91
9205,233
9206,348
9207,447
9208,530
9209,601
9210,661
9211,712
9212,755
9213,793
9214,824
9215,852
9216,875
9217,895
9218,912
9219,926
9220,932
9221,791
9222,669
9223,567
9224,480
9225,408
9226,346
9227,295
9228,251
9229,214
9230,182
9231,155
9232,133
9233,114
9234,98
9235,84
9236,72
9237,199
9238,320
9239,423
9240,509
9241,584
9242,646
9243,700
9244,745
9245,784
9246,817
9247,845
9248,869
9249,890
9250,907
9251,923
9252,936
9253,826
9254,697
9255,591
9256,500
9257,425
9258,361
9259,306
9260,261
9261,222
9262,189
9263,161
9264,139
9265,119
9266,101
9267,87
9268,74
9269,163
9270,292
9271,399
9272,489
9273,566
9274,632
9275,687
9276,734
9277,774
9278,809
9279,838
9280,864
9281,885
9282,903
9283,919
9284,932
9285,862
9286,729
9287,616
9288,523
9289,443
9290,376
9291,320
9292,272
9293,231
9294,198
9295,169
9296,144
9297,124
9298,106
9299,91
9300,78
9301,126
9302,261
9303,372
9304,467
9305,547
9306,615
9307,673
9308,723
9309,765
9310,801
9311,831
9312,858
9313,880
9314,899
9315,915
9316,929
9317,902
9318,760
9319,644
9320,545
9321,463
9322,392
9323,334
9324,283
9325,241
9326,206
9327,175
9328,150
9329,128
9330,110
9331,94
9332,81
9333,88
9334,230
9335,345
9336,445
9337,528
9338,599
9339,660
9340,711
9341,754
9342,792
9343,824
9344,851
9345,874
9346,894
9347,911
9348,926
9349,935
9350,794
9351,672
9352,568
9353,483
9354,409
9355,348
9356,296
9357,252
9358,214
9359,183
9360,156
9361,133
9362,114
9363,97
9364,84
9365,72
9366,196
9367,318
9368,421
9369,508
9370,582
9371,645
9372,699
9373,744
9374,783
9375,816
9376,845
9377,869
9378,890
9379,907
9380,922
9381,935
9382,830
9383,700
9384,594
9385,503
9386,427
9387,362
9388,308
9389,262
9390,223
9391,190
9392,162
9393,139
9394,119
9395,101
9396,87
9397,75
9398,159
9399,289
9400,395
9401,487
9402,564
9403,629
9404,686
9405,733
9406,773
9407,808
9408,838
9409,863
9410,884
9411,903
9412,919
9413,932
9414,867
9415,731
9416,620
9417,524
9418,446
9419,378
9420,321
9421,273
9422,233
9423,198
9424,169
9425,144
9426,124
9427,106
9428,91
9429,78
9430,123
9431,259
9432,371
9433,466
9434,546
9435,614
9436,672
9437,722
9438,764
9439,800
9440,831
9441,857
9442,880
9443,898
9444,915
9445,929
9446,904
9447,764
9448,646
9449,548
9450,464
9451,394
9452,334
9453,285
9454,242
9455,207
9456,176
9457,150
9458,128
9459,110
9460,95
9461,81
9462,84
9463,227
9464,343
9465,443
9466,526
9467,598
9468,658
9469,710
9470,753
9471,791
9472,823
9473,850
9474,874
9475,894
9476,911
9477,926
9478,937
9479,798
9480,674
9481,571
9482,484
9483,411
9484,349
9485,297
9486,252
9487,215
9488,183
9489,156
9490,134
9491,114
9492,98
9493,84
9494,72
9495,192
9496,316
9497,418
9498,506
9499,580
9500,644
9501,697
9502,743
9503,782
9504,816
9505,844
9506,868
9507,889
9508,907
9509,922
9510,935
9511,833
9512,703
9513,596
9514,505
9515,427
9516,363
9517,309
9518,263
9519,224
9520,191
9521,163
9522,140
9523,120
9524,102
9525,88
9526,75
9527,156
9528,286
9529,393
9530,485
9531,562
9532,629
9533,684
9534,732
9535,772
9536,808
9537,837
9538,862
9539,884
9540,902
9541,918
9542,932
9543,871
9544,735
9545,623
9546,527
9547,448
9548,379
9549,323
9550,275
9551,234
9552,199
9553,170
9554,145
9555,124
9556,106
9557,91
9558,78
9559,120
9560,256
9561,368
9562,464
9563,544
9564,612
9565,671
9566,720
9567,763
9568,799
9569,830
9570,856
9571,879
9572,898
9573,914
9574,929
9575,909
9576,766
9577,649
9578,549
9579,467
9580,395
9581,336
9582,286
9583,243
9584,207
9585,177
9586,151
9587,129
9588,111
9589,95
9590,82
9591,81
9592,223
9593,341
9594,441
9595,524
9596,596
9597,657
9598,709
9599,752
9600,790
9601,822
9602,850
9603,873
9604,894
9605,911
9606,925
9607,938
9608,800
9609,678
9610,573
9611,487
9612,412
9613,351
9614,297
9615,253
9616,216
9617,184
9618,157
9619,134
9620,115
9621,99
9622,85
9623,73
9624,188
9625,313
9626,416
9627,505
9628,578
9629,643
9630,696
9631,742
9632,781
9633,815
9634,843
9635,868
9636,888
9637,906
9638,921
9639,935
9640,836
9641,707
9642,598
9643,506
9644,431
9645,366
9646,311
9647,264
9648,225
9649,191
9650,164
9651,140
9652,120
9653,102
9654,88
9655,76
9656,153
9657,284
9658,392
9659,483
9660,561
9661,627
9662,683
9663,731
9664,772
9665,806
9666,836
9667,862
9668,884
9669,902
9670,918
9671,931
9672,874
9673,737
9674,625
9675,528
9676,449
9677,381
9678,324
9679,275
9680,234
9681,200
9682,171
9683,145
9684,125
9685,107
9686,91
9687,79
9688,116
9689,253
9690,366
9691,462
9692,542
9693,611
9694,670
9695,720
9696,762
9697,798
9698,829
9699,856
9700,878
9701,898
9702,914
9703,928
9704,911
9705,770
9706,651
9707,552
9708,468
9709,397
9710,337
9711,288
9712,244
9713,208
9714,178
9715,151
9716,130
9717,111
9718,95
9719,82
9720,78
9721,221
9722,338
9723,439
9724,522
9725,595
9726,655
9727,708
9728,752
9729,789
9730,822
9731,849
9732,873
9733,893
9734,910
9735,925
9736,937
9737,804
9738,679
9739,576
9740,488
9741,414
9742,352
9743,299
9744,255
9745,216
9746,185
9747,158
9748,135
9749,115
9750,99
9751,85
9752,73
9753,185
9754,311
9755,413
9756,503
9757,577
9758,641
9759,695
9760,741
9761,780
9762,814
9763,843
9764,867
9765,888
9766,906
9767,922
9768,935
9769,839
9770,710
9771,600
9772,509
9773,432
9774,366
9775,312
9776,265
9777,226
9778,192
9779,164
9780,140
9781,120
9782,103
9783,88
9784,76
9785,149
9786,281
9787,389
9788,481
9789,559
9790,626
9791,682
9792,730
9793,771
9794,806
9795,835
9796,862
9797,883
9798,902
9799,918
9800,931
9801,877
9802,741
9803,626
9804,531
9805,450
9806,383
9807,325
9808,277
9809,236
9810,201
9811,171
9812,146
9813,125
9814,107
9815,92
9816,79
9817,113
9818,250
9819,363
9820,459
9821,540
9822,609
9823,668
9824,718
9825,761
9826,797
9827,829
9828,855
9829,878
9830,897
9831,914
9832,928
9833,916
9834,772
9835,654
9836,554
9837,470
9838,398
9839,339
9840,288
9841,245
9842,209
9843,178
9844,152
9845,130
9846,111
9847,96
9848,82
9849,75
9850,217
9851,335
9852,436
9853,521
9854,593
9855,654
9856,706
9857,751
9858,789
9859,821
9860,849
9861,872
9862,892
9863,910
9864,924
9865,937
9866,806
9867,683
9868,577
9869,490
9870,415
9871,353
9872,300
9873,255
9874,218
9875,185
9876,158
9877,136
9878,116
9879,99
9880,85
9881,74
9882,182
9883,308
9884,411
9885,501
9886,575
9887,640
9888,693
9889,740
9890,779
9891,813
9892,842
9893,867
9894,888
9895,906
9896,921
9897,934
9898,844
9899,712
9900,602
9901,511
9902,433
9903,368
9904,313
9905,267
9906,227
9907,193
9908,165
9909,141
9910,121
9911,103
9912,89
9913,76
9914,146
9915,278
9916,386
9917,479
9918,557
9919,624
9920,680
9921,729
9922,770
9923,805
9924,835
9925,861
9926,882
9927,901
9928,917
9929,931
9930,880
9931,744
9932,629
9933,533
9934,452
9935,384
9936,326
9937,278
9938,236
9939,202
9940,171
9941,147
9942,126
9943,108
9944,92
9945,80
9946,109
9947,247
9948,360
9949,458
9950,538
9951,608
9952,667
9953,717
9954,760
9955,797
9956,828
9957,855
9958,877
9959,897
9960,913
9961,927
9962,918
9963,776
9964,656
9965,557
9966,472
9967,400
9968,340
9969,289
9970,246
9971,210
9972,179
9973,153
9974,131
9975,112
9976,96
9977,82
9978,73
9979,214
9980,333
9981,434
9982,518
9983,591
9984,654
9985,705
9986,750
9987,788
9988,820
9989,848
9990,872
9991,892
9992,909
9993,924
9994,937
9995,811
9996,685
9997,580
9998,492
9999,417
10000,355
