1,133
2,113
3,95
4,80
5,67
6,58
7,49
8,42
9,35
10,121
11,254
12,366
13,460
14,541
15,609
16,667
17,717
18,759
19,796
20,826
21,853
22,875
23,895
24,911
25,779
26,657
27,555
28,470
29,398
30,338
31,286
32,244
33,207
34,176
35,149
36,128
37,109
38,93
39,121
40,258
41,372
42,467
43,547
44,615
45,673
46,722
47,765
48,800
49,831
50,858
51,880
52,899
53,915
54,831
55,701
56,592
57,501
58,425
59,360
60,306
61,260
62,221
63,188
64,160
65,137
66,117
67,100
68,84
69,221
70,340
71,440
72,525
73,597
74,658
75,709
76,753
77,791
78,823
79,851
80,874
81,894
82,911
83,878
84,739
85,626
86,528
87,449
88,380
89,323
90,274
91,233
92,198
93,169
94,144
95,123
96,105
97,90
98,179
99,305
100,411
101,499
102,576
103,640
104,694
105,741
106,780
107,814
108,843
109,867
110,889
111,907
112,919
113,780
114,658
115,557
116,472
117,400
118,339
119,288
120,245
121,209
122,177
123,152
124,129
125,111
126,95
127,133
128,269
129,380
130,474
131,553
132,621
133,678
134,727
135,769
136,804
137,834
138,860
139,882
140,901
141,917
142,824
143,694
144,587
145,497
146,422
147,357
148,303
149,258
150,219
151,187
152,159
153,136
154,116
155,100
156,89
157,229
158,348
159,447
160,530
161,601
162,662
163,713
164,756
165,794
166,825
167,853
168,876
169,895
170,912
171,868
172,732
173,619
174,524
175,444
176,376
177,319
178,271
179,230
180,196
181,167
182,143
183,122
184,105
185,90
186,189
187,313
188,418
189,506
190,581
191,644
192,698
193,743
194,783
195,816
196,845
197,869
198,890
199,907
200,912
201,771
202,651
203,552
204,466
205,396
206,336
207,285
208,242
209,207
210,176
211,150
212,128
213,110
214,94
215,143
216,276
217,386
218,479
219,558
220,625
221,682
222,730
223,771
224,806
225,836
226,862
227,884
228,902
229,918
230,814
231,686
232,580
233,491
234,416
235,353
236,300
237,255
238,217
239,185
240,157
241,135
242,115
243,99
244,97
245,237
246,355
247,452
248,535
249,606
250,665
251,716
252,759
253,796
254,827
255,854
256,877
257,897
258,914
259,858
260,723
261,612
262,518
263,439
264,372
265,316
266,269
267,228
268,194
269,166
270,142
271,121
272,103
273,89
274,197
275,321
276,424
277,511
278,585
279,648
280,701
281,746
282,785
283,818
284,847
285,870
286,891
287,908
288,905
289,762
290,644
291,546
292,462
293,392
294,332
295,282
296,240
297,205
298,174
299,148
300,127
301,109
302,93
303,152
304,283
305,393
306,485
307,563
308,629
309,685
310,733
311,774
312,809
313,838
314,864
315,885
316,903
317,919
318,805
319,679
320,574
321,487
322,413
323,350
324,297
325,253
326,215
327,183
328,156
329,133
330,114
331,98
332,106
333,247
334,361
335,459
336,540
337,610
338,669
339,719
340,762
341,799
342,829
343,856
344,878
345,898
346,914
347,849
348,715
349,605
350,512
351,434
352,368
353,312
354,266
355,226
356,192
357,164
358,140
359,120
360,102
361,88
362,205
363,328
364,430
365,516
366,589
367,652
368,704
369,749
370,788
371,820
372,848
373,872
374,892
375,910
376,896
377,755
378,638
379,540
380,457
381,388
382,329
383,280
384,238
385,203
386,173
387,148
388,127
389,108
390,92
391,161
392,292
393,399
394,490
395,567
396,633
397,688
398,735
399,776
400,810
401,840
402,865
403,886
404,904
405,920
406,796
407,672
408,568
409,481
410,408
411,346
412,294
413,250
414,213
415,181
416,155
417,132
418,113
419,97
420,115
421,254
422,368
423,464
424,545
425,614
426,672
427,722
428,764
429,800
430,831
431,857
432,880
433,899
434,915
435,840
436,708
437,598
438,506
439,429
440,364
441,309
442,263
443,224
444,191
445,162
446,139
447,119
448,101
449,87
450,213
451,335
452,436
453,521
454,593
455,655
456,707
457,752
458,790
459,822
460,850
461,873
462,893
463,911
464,887
465,746
466,631
467,534
468,452
469,383
470,326
471,277
472,236
473,201
474,171
475,146
476,125
477,107
478,91
479,170
480,300
481,406
482,496
483,573
484,637
485,692
486,739
487,779
488,813
489,842
490,867
491,887
492,906
493,921
494,787
495,665
496,562
497,477
498,403
499,342
500,291
501,247
502,210
503,179
504,153
505,130
506,112
507,96
508,125
509,262
510,375
511,470
512,550
513,618
514,676
515,724
516,766
517,802
518,833
519,859
520,881
521,900
522,916
523,831
524,700
525,592
526,501
527,425
528,361
529,306
530,260
531,221
532,189
533,161
534,137
535,117
536,101
537,85
538,223
539,342
540,442
541,526
542,598
543,659
544,710
545,754
546,792
547,824
548,851
549,875
550,894
551,912
552,877
553,738
554,624
555,528
556,448
557,380
558,323
559,274
560,233
561,199
562,169
563,144
564,124
565,106
566,91
567,179
568,306
569,412
570,501
571,576
572,641
573,695
574,741
575,781
576,815
577,843
578,868
579,889
580,907
581,918
582,778
583,657
584,556
585,471
586,399
587,339
588,288
589,245
590,208
591,178
592,151
593,129
594,111
595,95
596,134
597,270
598,380
599,474
600,554
601,621
602,679
603,728
604,769
605,805
606,835
607,861
608,883
609,901
610,917
611,823
612,693
613,586
614,496
615,421
616,357
617,303
618,257
619,219
620,187
621,159
622,136
623,116
624,100
625,90
626,230
627,348
628,448
629,531
630,602
631,662
632,713
633,757
634,794
635,826
636,853
637,876
638,896
639,913
640,865
641,731
642,618
643,523
644,443
645,376
646,319
647,271
648,230
649,197
650,167
651,143
652,122
653,105
654,90
655,188
656,314
657,418
658,506
659,581
660,645
661,698
662,744
663,783
664,816
665,845
666,869
667,890
668,908
669,912
670,770
671,650
672,550
673,466
674,395
675,335
676,285
677,242
678,206
679,176
680,150
681,128
682,110
683,94
684,145
685,277
686,387
687,480
688,559
689,626
690,683
691,731
692,772
693,807
694,837
695,862
696,884
697,902
698,918
699,813
700,686
701,579
702,491
703,416
704,353
705,300
706,255
707,217
708,185
709,157
710,135
711,115
712,99
713,98
714,238
715,355
716,454
717,536
718,606
719,666
720,717
721,760
722,797
723,828
724,855
725,878
726,897
727,914
728,857
729,723
730,611
731,518
732,438
733,372
734,315
735,268
736,228
737,194
738,165
739,141
740,121
741,103
742,89
743,197
744,322
745,425
746,511
747,585
748,648
749,702
750,747
751,786
752,818
753,847
754,871
755,892
756,909
757,904
758,761
759,643
760,545
761,461
762,391
763,332
764,282
765,240
766,204
767,174
768,149
769,127
770,109
771,93
772,153
773,284
774,394
775,486
776,563
777,630
778,686
779,733
780,774
781,809
782,838
783,864
784,885
785,904
786,919
787,804
788,678
789,574
790,486
791,412
792,350
793,297
794,253
795,215
796,183
797,156
798,133
799,114
800,98
801,107
802,247
803,361
804,459
805,542
806,610
807,669
808,719
809,763
810,799
811,830
812,856
813,879
814,898
815,915
816,848
817,715
818,605
819,512
820,434
821,368
822,312
823,266
824,226
825,192
826,164
827,140
828,120
829,103
830,88
831,206
832,329
833,430
834,517
835,590
836,652
837,705
838,749
839,788
840,820
841,848
842,872
843,893
844,910
845,895
846,754
847,637
848,539
849,457
850,387
851,329
852,279
853,237
854,202
855,172
856,147
857,126
858,108
859,92
860,163
861,293
862,400
863,491
864,568
865,634
866,689
867,736
868,777
869,811
870,840
871,865
872,886
873,905
874,920
875,795
876,671
877,567
878,481
879,407
880,346
881,294
882,250
883,212
884,181
885,154
886,132
887,113
888,97
889,117
890,255
891,369
892,465
893,546
894,614
895,673
896,722
897,764
898,800
899,831
900,858
901,880
902,899
903,916
904,839
905,707
906,598
907,506
908,429
909,364
910,309
911,263
912,223
913,190
914,162
915,139
916,119
917,102
918,87
919,215
920,336
921,436
922,522
923,594
924,656
925,708
926,752
927,790
928,822
929,850
930,873
931,894
932,911
933,886
934,745
935,630
936,533
937,452
938,383
939,326
940,276
941,235
942,200
943,171
944,146
945,124
946,106
947,91
948,172
949,300
950,407
951,496
952,573
953,637
954,693
955,739
956,779
957,813
958,842
959,867
960,888
961,906
962,921
963,786
964,664
965,561
966,476
967,403
968,342
969,291
970,247
971,210
972,179
973,153
974,130
975,112
976,96
977,126
978,263
979,375
980,470
981,550
982,618
983,676
984,725
985,767
986,803
987,833
988,859
989,881
990,900
991,917
992,831
993,699
994,591
995,501
996,425
997,360
998,305
999,260
1000,221
1001,188
1002,160
1003,137
1004,117
1005,100
1006,85
1007,224
1008,342
1009,442
1010,527
1011,598
1012,659
1013,710
1014,756
1015,792
1016,824
1017,851
1018,876
1019,895
1020,912
1021,875
1022,738
1023,623
1024,526
1025,448
1026,379
1027,322
1028,273
1029,232
1030,198
1031,169
1032,144
1033,123
1034,106
1035,91
1036,181
1037,307
1038,413
1039,501
1040,577
1041,641
1042,695
1043,741
1044,781
1045,815
1046,844
1047,868
1048,889
1049,907
1050,918
1051,777
1052,657
1053,556
1054,470
1055,399
1056,339
1057,288
1058,245
1059,208
1060,178
1061,151
1062,129
1063,111
1064,95
1065,136
1066,270
1067,383
1068,475
1069,555
1070,622
1071,680
1072,728
1073,769
1074,805
1075,835
1076,861
1077,883
1078,902
1079,918
1080,821
1081,692
1082,586
1083,496
1084,421
1085,357
1086,303
1087,258
1088,219
1089,187
1090,159
1091,136
1092,116
1093,100
1094,92
1095,232
1096,349
1097,448
1098,532
1099,602
1100,663
1101,714
1102,757
1103,794
1104,826
1105,853
1106,877
1107,896
1108,913
1109,866
1110,728
1111,617
1112,522
1113,443
1114,376
1115,319
1116,271
1117,230
1118,196
1119,167
1120,143
1121,122
1122,105
1123,90
1124,189
1125,315
1126,418
1127,506
1128,582
1129,645
1130,698
1131,744
1132,783
1133,817
1134,845
1135,870
1136,890
1137,908
1138,911
1139,769
1140,651
1141,549
1142,466
1143,395
1144,335
1145,285
1146,242
1147,206
1148,176
1149,150
1150,128
1151,110
1152,94
1153,145
1154,279
1155,389
1156,481
1157,560
1158,626
1159,683
1160,731
1161,772
1162,807
1163,837
1164,862
1165,884
1166,903
1167,919
1168,811
1169,685
1170,580
1171,490
1172,416
1173,353
1174,300
1175,255
1176,216
1177,185
1178,157
1179,134
1180,115
1181,98
1182,99
1183,240
1184,355
1185,454
1186,536
1187,607
1188,666
1189,717
1190,760
1191,797
1192,828
1193,855
1194,878
1195,897
1196,914
1197,859
1198,723
1199,612
1200,518
1201,438
1202,372
1203,316
1204,268
1205,228
1206,194
1207,165
1208,141
1209,121
1210,104
1211,89
1212,198
1213,322
1214,425
1215,512
1216,585
1217,649
1218,702
1219,747
1220,786
1221,819
1222,847
1223,871
1224,891
1225,909
1226,902
1227,762
1228,643
1229,544
1230,461
1231,391
1232,331
1233,282
1234,240
1235,204
1236,174
1237,148
1238,127
1239,109
1240,93
1241,156
1242,286
1243,395
1244,486
1245,563
1246,630
1247,686
1248,733
1249,774
1250,809
1251,838
1252,864
1253,885
1254,904
1255,919
1256,803
1257,677
1258,574
1259,485
1260,412
1261,349
1262,297
1263,252
1264,215
1265,183
1266,156
1267,133
1268,114
1269,97
1270,108
1271,248
1272,362
1273,460
1274,541
1275,611
1276,669
1277,720
1278,762
1279,799
1280,830
1281,856
1282,880
1283,899
1284,915
1285,848
1286,715
1287,604
1288,511
1289,433
1290,368
1291,312
1292,265
1293,226
1294,192
1295,164
1296,140
1297,120
1298,102
1299,88
1300,207
1301,329
1302,430
1303,517
1304,590
1305,653
1306,704
1307,750
1308,788
1309,821
1310,848
1311,872
1312,892
1313,910
1314,894
1315,754
1316,636
1317,539
1318,457
1319,387
1320,328
1321,279
1322,237
1323,202
1324,172
1325,147
1326,126
1327,107
1328,92
1329,165
1330,293
1331,401
1332,492
1333,569
1334,634
1335,690
1336,737
1337,777
1338,811
1339,840
1340,866
1341,887
1342,905
1343,920
1344,794
1345,670
1346,568
1347,480
1348,407
1349,346
1350,294
1351,249
1352,213
1353,181
1354,154
1355,132
1356,113
1357,97
1358,118
1359,257
1360,369
1361,465
1362,545
1363,615
1364,673
1365,722
1366,765
1367,801
1368,832
1369,858
1370,880
1371,899
1372,916
1373,838
1374,706
1375,598
1376,505
1377,429
1378,364
1379,308
1380,263
1381,223
1382,190
1383,162
1384,138
1385,118
1386,101
1387,86
1388,215
1389,337
1390,437
1391,522
1392,594
1393,656
1394,707
1395,753
1396,790
1397,823
1398,850
1399,874
1400,893
1401,911
1402,883
1403,745
1404,629
1405,533
1406,451
1407,383
1408,325
1409,276
1410,235
1411,200
1412,170
1413,145
1414,124
1415,107
1416,91
1417,173
1418,301
1419,407
1420,497
1421,573
1422,638
1423,693
1424,739
1425,779
1426,813
1427,843
1428,867
1429,888
1430,906
1431,921
1432,786
1433,663
1434,561
1435,476
1436,403
1437,342
1438,291
1439,247
1440,210
1441,179
1442,153
1443,130
1444,111
1445,96
1446,128
1447,263
1448,376
1449,470
1450,551
1451,619
1452,676
1453,725
1454,767
1455,803
1456,833
1457,860
1458,881
1459,900
1460,917
1461,829
1462,698
1463,591
1464,500
1465,425
1466,359
1467,306
1468,259
1469,221
1470,188
1471,160
1472,137
1473,117
1474,100
1475,86
1476,224
1477,343
1478,442
1479,527
1480,599
1481,660
1482,711
1483,755
1484,793
1485,825
1486,852
1487,875
1488,895
1489,912
1490,874
1491,737
1492,622
1493,528
1494,447
1495,379
1496,322
1497,273
1498,232
1499,197
1500,168
1501,144
1502,123
1503,105
1504,90
1505,182
1506,309
1507,413
1508,503
1509,577
1510,642
1511,696
1512,742
1513,781
1514,815
1515,843
1516,869
1517,889
1518,907
1519,916
1520,777
1521,656
1522,556
1523,470
1524,399
1525,338
1526,288
1527,244
1528,208
1529,177
1530,151
1531,129
1532,111
1533,95
1534,137
1535,272
1536,384
1537,476
1538,555
1539,622
1540,680
1541,728
1542,770
1543,805
1544,835
1545,861
1546,883
1547,901
1548,918
1549,819
1550,692
1551,585
1552,496
1553,420
1554,356
1555,303
1556,257
1557,219
1558,186
1559,159
1560,136
1561,117
1562,99
1563,92
1564,233
1565,350
1566,449
1567,532
1568,603
1569,663
1570,714
1571,757
1572,795
1573,826
1574,854
1575,876
1576,896
1577,913
1578,866
1579,729
1580,616
1581,521
1582,442
1583,374
1584,318
1585,271
1586,230
1587,196
1588,167
1589,143
1590,122
1591,104
1592,90
1593,191
1594,316
1595,419
1596,508
1597,582
1598,646
1599,699
1600,745
1601,783
1602,817
1603,845
1604,869
1605,890
1606,908
1607,910
1608,768
1609,650
1610,549
1611,466
1612,394
1613,335
1614,285
1615,242
1616,206
1617,176
1618,150
1619,128
1620,109
1621,94
1622,148
1623,279
1624,389
1625,482
1626,560
1627,627
1628,683
1629,731
1630,772
1631,807
1632,837
1633,862
1634,884
1635,903
1636,919
1637,810
1638,685
1639,578
1640,491
1641,416
1642,352
1643,299
1644,254
1645,217
1646,184
1647,157
1648,134
1649,115
1650,98
1651,100
1652,240
1653,356
1654,455
1655,536
1656,607
1657,666
1658,717
1659,760
1660,798
1661,828
1662,855
1663,878
1664,897
1665,914
1666,856
1667,720
1668,609
1669,516
1670,437
1671,371
1672,315
1673,268
1674,228
1675,194
1676,165
1677,141
1678,120
1679,103
1680,89
1681,200
1682,322
1683,425
1684,512
1685,586
1686,649
1687,702
1688,747
1689,786
1690,819
1691,847
1692,871
1693,891
1694,909
1695,901
1696,760
1697,643
1698,544
1699,460
1700,391
1701,331
1702,282
1703,239
1704,204
1705,173
1706,148
1707,126
1708,109
1709,93
1710,156
1711,287
1712,395
1713,487
1714,564
1715,631
1716,687
1717,734
1718,775
1719,809
1720,839
1721,864
1722,885
1723,904
1724,920
1725,802
1726,676
1727,573
1728,484
1729,411
1730,349
1731,296
1732,252
1733,214
1734,183
1735,156
1736,133
1737,114
1738,98
1739,110
1740,250
1741,363
1742,461
1743,541
1744,611
1745,670
1746,720
1747,763
1748,799
1749,830
1750,856
1751,879
1752,898
1753,915
1754,845
1755,713
1756,603
1757,510
1758,433
1759,367
1760,312
1761,265
1762,225
1763,192
1764,163
1765,140
1766,120
1767,102
1768,88
1769,208
1770,329
1771,432
1772,517
1773,591
1774,652
1775,705
1776,750
1777,788
1778,821
1779,849
1780,873
1781,893
1782,910
1783,894
1784,752
1785,636
1786,537
1787,457
1788,386
1789,328
1790,279
1791,237
1792,201
1793,172
1794,146
1795,125
1796,107
1797,92
1798,165
1799,294
1800,402
1801,493
1802,569
1803,634
1804,690
1805,737
1806,777
1807,811
1808,841
1809,865
1810,886
1811,905
1812,921
1813,793
1814,669
1815,567
1816,480
1817,407
1818,345
1819,293
1820,249
1821,212
1822,180
1823,154
1824,132
1825,113
1826,96
1827,119
1828,257
1829,370
1830,466
1831,546
1832,615
1833,673
1834,723
1835,766
1836,801
1837,832
1838,858
1839,880
1840,899
1841,916
1842,837
1843,705
1844,597
1845,505
1846,428
1847,363
1848,309
1849,262
1850,223
1851,190
1852,162
1853,138
1854,119
1855,101
1856,86
1857,218
1858,337
1859,438
1860,523
1861,595
1862,656
1863,709
1864,753
1865,791
1866,823
1867,851
1868,874
1869,894
1870,911
1871,884
1872,743
1873,629
1874,531
1875,451
1876,382
1877,325
1878,276
1879,234
1880,200
1881,170
1882,145
1883,124
1884,107
1885,91
1886,174
1887,303
1888,407
1889,497
1890,574
1891,638
1892,693
1893,739
1894,779
1895,813
1896,842
1897,867
1898,888
1899,906
1900,921
1901,785
1902,662
1903,560
1904,474
1905,402
1906,341
1907,290
1908,246
1909,210
1910,179
1911,153
1912,130
1913,112
1914,96
1915,128
1916,265
1917,376
1918,472
1919,551
1920,619
1921,677
1922,726
1923,767
1924,803
1925,834
1926,860
1927,882
1928,901
1929,917
1930,829
1931,698
1932,591
1933,500
1934,425
1935,359
1936,306
1937,259
1938,222
1939,188
1940,161
1941,137
1942,117
1943,101
1944,88
1945,225
1946,344
1947,443
1948,528
1949,599
1950,660
1951,711
1952,755
1953,793
1954,825
1955,852
1956,875
1957,895
1958,912
1959,873
1960,736
1961,621
1962,526
1963,446
1964,378
1965,321
1966,273
1967,232
1968,198
1969,169
1970,144
1971,123
1972,105
1973,90
1974,183
1975,310
1976,414
1977,503
1978,578
1979,642
1980,696
1981,742
1982,781
1983,815
1984,844
1985,869
1986,889
1987,907
1988,915
1989,776
1990,655
1991,555
1992,469
1993,398
1994,338
1995,287
1996,244
1997,208
1998,177
1999,151
2000,129
2001,110
2002,94
2003,138
2004,273
2005,383
2006,476
2007,556
2008,623
2009,680
2010,728
2011,770
2012,805
2013,836
2014,861
2015,883
2016,902
2017,918
2018,819
2019,690
2020,585
2021,494
2022,420
2023,355
2024,302
2025,257
2026,219
2027,186
2028,158
2029,136
2030,116
2031,99
2032,93
2033,235
2034,351
2035,450
2036,532
2037,604
2038,663
2039,715
2040,758
2041,796
2042,826
2043,854
2044,877
2045,896
2046,913
2047,864
2048,727
2049,615
2050,520
2051,441
2052,374
2053,318
2054,270
2055,230
2056,195
2057,167
2058,143
2059,122
2060,104
2061,89
2062,192
2063,317
2064,420
2065,508
2066,582
2067,646
2068,699
2069,745
2070,784
2071,817
2072,846
2073,870
2074,890
2075,908
2076,909
2077,767
2078,649
2079,548
2080,465
2081,394
2082,335
2083,285
2084,242
2085,206
2086,176
2087,150
2088,128
2089,110
2090,94
2091,150
2092,280
2093,390
2094,482
2095,561
2096,628
2097,683
2098,731
2099,773
2100,808
2101,837
2102,863
2103,884
2104,903
2105,919
2106,810
2107,683
2108,578
2109,489
2110,415
2111,352
2112,299
2113,255
2114,216
2115,184
2116,157
2117,134
2118,115
2119,98
2120,101
2121,241
2122,357
2123,455
2124,537
2125,608
2126,667
2127,717
2128,760
2129,797
2130,828
2131,855
2132,878
2133,897
2134,914
2135,854
2136,719
2137,608
2138,515
2139,436
2140,370
2141,314
2142,267
2143,227
2144,194
2145,165
2146,141
2147,121
2148,103
2149,88
2150,200
2151,324
2152,426
2153,514
2154,586
2155,650
2156,702
2157,748
2158,786
2159,819
2160,848
2161,872
2162,892
2163,910
2164,901
2165,758
2166,642
2167,542
2168,461
2169,390
2170,331
2171,281
2172,239
2173,203
2174,174
2175,148
2176,126
2177,108
2178,93
2179,156
2180,287
2181,396
2182,488
2183,565
2184,631
2185,687
2186,735
2187,774
2188,810
2189,839
2190,864
2191,885
2192,904
2193,920
2194,801
2195,675
2196,572
2197,484
2198,410
2199,348
2200,296
2201,252
2202,215
2203,182
2204,155
2205,132
2206,113
2207,97
2208,111
2209,249
2210,364
2211,461
2212,542
2213,612
2214,670
2215,720
2216,763
2217,799
2218,830
2219,857
2220,879
2221,899
2222,915
2223,845
2224,713
2225,602
2226,510
2227,432
2228,367
2229,311
2230,265
2231,225
2232,192
2233,163
2234,139
2235,119
2236,102
2237,87
2238,210
2239,330
2240,433
2241,518
2242,591
2243,653
2244,706
2245,750
2246,789
2247,821
2248,849
2249,873
2250,893
2251,911
2252,892
2253,751
2254,635
2255,537
2256,456
2257,385
2258,328
2259,279
2260,237
2261,202
2262,171
2263,146
2264,125
2265,108
2266,92
2267,166
2268,296
2269,402
2270,493
2271,569
2272,636
2273,690
2274,737
2275,777
2276,812
2277,840
2278,866
2279,887
2280,905
2281,920
2282,791
2283,669
2284,565
2285,479
2286,406
2287,345
2288,293
2289,249
2290,212
2291,180
2292,154
2293,132
2294,112
2295,96
2296,120
2297,258
2298,371
2299,467
2300,547
2301,616
2302,674
2303,723
2304,766
2305,801
2306,832
2307,858
2308,880
2309,900
2310,916
2311,835
2312,705
2313,595
2314,505
2315,427
2316,363
2317,308
2318,262
2319,223
2320,190
2321,162
2322,139
2323,118
2324,102
2325,86
2326,218
2327,338
2328,438
2329,523
2330,595
2331,657
2332,709
2333,753
2334,790
2335,824
2336,850
2337,875
2338,894
2339,911
2340,881
2341,743
2342,627
2343,532
2344,450
2345,382
2346,324
2347,275
2348,234
2349,199
2350,170
2351,145
2352,124
2353,106
2354,91
2355,174
2356,303
2357,408
2358,498
2359,574
2360,639
2361,693
2362,740
2363,779
2364,813
2365,842
2366,867
2367,888
2368,906
2369,921
2370,782
2371,662
2372,559
2373,474
2374,401
2375,341
2376,290
2377,246
2378,209
2379,178
2380,152
2381,130
2382,112
2383,96
2384,129
2385,266
2386,377
2387,472
2388,552
2389,620
2390,678
2391,726
2392,768
2393,804
2394,834
2395,860
2396,883
2397,901
2398,917
2399,827
2400,696
2401,590
2402,499
2403,423
2404,358
2405,305
2406,259
2407,221
2408,188
2409,160
2410,137
2411,117
2412,100
2413,88
2414,226
2415,346
2416,444
2417,529
2418,599
2419,661
2420,711
2421,756
2422,793
2423,825
2424,852
2425,876
2426,895
2427,912
2428,872
2429,735
2430,621
2431,526
2432,445
2433,377
2434,320
2435,272
2436,232
2437,197
2438,168
2439,144
2440,122
2441,105
2442,90
2443,184
2444,311
2445,414
2446,504
2447,578
2448,643
2449,696
2450,743
2451,782
2452,815
2453,844
2454,869
2455,889
2456,908
2457,915
2458,775
2459,654
2460,554
2461,469
2462,398
2463,337
2464,287
2465,244
2466,208
2467,177
2468,151
2469,129
2470,110
2471,95
2472,140
2473,274
2474,384
2475,478
2476,557
2477,624
2478,681
2479,729
2480,770
2481,806
2482,836
2483,861
2484,883
2485,902
2486,918
2487,817
2488,690
2489,583
2490,494
2491,419
2492,355
2493,302
2494,257
2495,218
2496,186
2497,158
2498,136
2499,116
2500,99
2501,94
2502,235
2503,351
2504,451
2505,533
2506,604
2507,664
2508,715
2509,758
2510,795
2511,827
2512,854
2513,877
2514,896
2515,913
2516,863
2517,726
2518,614
2519,520
2520,440
2521,373
2522,317
2523,270
2524,230
2525,195
2526,166
2527,142
2528,121
2529,104
2530,89
2531,193
2532,318
2533,421
2534,509
2535,582
2536,646
2537,700
2538,746
2539,784
2540,817
2541,846
2542,870
2543,891
2544,908
2545,907
2546,767
2547,647
2548,548
2549,464
2550,394
2551,334
2552,284
2553,241
2554,206
2555,175
2556,149
2557,127
2558,109
2559,93
2560,150
2561,282
2562,391
2563,483
2564,562
2565,628
2566,685
2567,732
2568,772
2569,808
2570,837
2571,863
2572,885
2573,903
2574,919
2575,809
2576,683
2577,577
2578,489
2579,414
2580,352
2581,299
2582,254
2583,217
2584,184
2585,157
2586,134
2587,115
2588,98
2589,103
2590,242
2591,358
2592,456
2593,538
2594,608
2595,667
2596,718
2597,761
2598,797
2599,829
2600,855
2601,878
2602,898
2603,914
2604,854
2605,718
2606,607
2607,514
2608,436
2609,370
2610,314
2611,267
2612,227
2613,194
2614,165
2615,141
2616,121
2617,104
2618,88
2619,202
2620,325
2621,427
2622,514
2623,587
2624,650
2625,703
2626,748
2627,786
2628,820
2629,847
2630,872
2631,892
2632,909
2633,899
2634,757
2635,641
2636,541
2637,459
2638,389
2639,331
2640,281
2641,239
2642,204
2643,173
2644,148
2645,126
2646,108
2647,93
2648,159
2649,289
2650,397
2651,489
2652,565
2653,632
2654,687
2655,735
2656,775
2657,810
2658,839
2659,865
2660,885
2661,904
2662,920
2663,800
2664,674
2665,571
2666,483
2667,410
2668,347
2669,295
2670,251
2671,214
2672,182
2673,155
2674,133
2675,113
2676,97
2677,112
2678,251
2679,365
2680,462
2681,543
2682,612
2683,671
2684,721
2685,763
2686,800
2687,831
2688,857
2689,879
2690,899
2691,915
2692,844
2693,711
2694,601
2695,510
2696,431
2697,366
2698,311
2699,264
2700,225
2701,192
2702,163
2703,140
2704,119
2705,102
2706,88
2707,210
2708,332
2709,433
2710,520
2711,591
2712,654
2713,706
2714,751
2715,789
2716,822
2717,849
2718,873
2719,893
2720,910
2721,890
2722,751
2723,634
2724,537
2725,455
2726,386
2727,327
2728,278
2729,236
2730,202
2731,171
2732,147
2733,125
2734,107
2735,92
2736,168
2737,296
2738,403
2739,493
2740,570
2741,635
2742,691
2743,737
2744,778
2745,812
2746,841
2747,866
2748,887
2749,905
2750,920
2751,791
2752,667
2753,565
2754,478
2755,405
2756,344
2757,292
2758,249
2759,211
2760,180
2761,154
2762,131
2763,112
2764,96
2765,122
2766,259
2767,372
2768,468
2769,548
2770,616
2771,674
2772,724
2773,766
2774,802
2775,832
2776,859
2777,881
2778,900
2779,916
2780,835
2781,703
2782,595
2783,504
2784,428
2785,362
2786,308
2787,262
2788,222
2789,190
2790,162
2791,138
2792,118
2793,101
2794,86
2795,220
2796,338
2797,440
2798,524
2799,596
2800,657
2801,709
2802,753
2803,791
2804,824
2805,851
2806,875
2807,894
2808,911
2809,880
2810,742
2811,626
2812,531
2813,449
2814,381
2815,324
2816,275
2817,234
2818,199
2819,170
2820,145
2821,124
2822,106
2823,91
2824,176
2825,303
2826,410
2827,498
2828,575
2829,639
2830,694
2831,740
2832,780
2833,814
2834,843
2835,867
2836,888
2837,907
2838,920
2839,782
2840,660
2841,559
2842,473
2843,402
2844,340
2845,290
2846,246
2847,210
2848,178
2849,152
2850,130
2851,112
2852,95
2853,131
2854,267
2855,378
2856,473
2857,552
2858,620
2859,678
2860,726
2861,768
2862,804
2863,834
2864,860
2865,882
2866,901
2867,917
2868,825
2869,697
2870,588
2871,499
2872,422
2873,359
2874,305
2875,259
2876,220
2877,188
2878,160
2879,137
2880,116
2881,100
2882,88
2883,228
2884,345
2885,445
2886,529
2887,600
2888,661
2889,712
2890,756
2891,793
2892,825
2893,852
2894,876
2895,895
2896,912
2897,870
2898,734
2899,620
2900,525
2901,445
2902,376
2903,321
2904,272
2905,232
2906,197
2907,168
2908,143
2909,123
2910,105
2911,90
2912,185
2913,312
2914,415
2915,504
2916,579
2917,643
2918,697
2919,743
2920,782
2921,816
2922,844
2923,869
2924,890
2925,907
2926,915
2927,773
2928,654
2929,553
2930,469
2931,397
2932,337
2933,286
2934,244
2935,207
2936,177
2937,151
2938,129
2939,110
2940,94
2941,141
2942,275
2943,384
2944,478
2945,557
2946,625
2947,682
2948,730
2949,771
2950,806
2951,836
2952,862
2953,883
2954,902
2955,918
2956,817
2957,689
2958,583
2959,493
2960,419
2961,355
2962,301
2963,256
2964,218
2965,186
2966,159
2967,135
2968,116
2969,99
2970,96
2971,236
2972,352
2973,451
2974,533
2975,605
2976,664
2977,715
2978,758
2979,796
2980,827
2981,854
2982,877
2983,896
2984,913
2985,862
2986,725
2987,612
2988,519
2989,440
2990,373
2991,317
2992,269
2993,229
2994,195
2995,167
2996,142
2997,121
2998,104
2999,90
3000,194
3001,319
3002,422
3003,509
3004,584
3005,647
3006,700
3007,745
3008,785
3009,818
3010,846
3011,870
3012,891
3013,908
3014,907
3015,765
3016,647
3017,547
3018,464
3019,393
3020,334
3021,284
3022,241
3023,205
3024,175
3025,149
3026,128
3027,109
3028,93
3029,150
3030,282
3031,391
3032,483
3033,561
3034,628
3035,684
3036,732
3037,773
3038,808
3039,838
3040,863
3041,884
3042,903
3043,919
3044,808
3045,681
3046,577
3047,487
3048,414
3049,351
3050,298
3051,253
3052,216
3053,184
3054,157
3055,134
3056,114
3057,98
3058,104
3059,244
3060,359
3061,457
3062,538
3063,609
3064,667
3065,718
3066,761
3067,798
3068,829
3069,856
3070,878
3071,898
3072,914
3073,853
3074,719
3075,608
3076,514
3077,436
3078,369
3079,314
3080,266
3081,227
3082,193
3083,165
3084,141
3085,120
3086,103
3087,89
3088,203
3089,326
3090,428
3091,516
3092,587
3093,651
3094,703
3095,749
3096,787
3097,820
3098,847
3099,872
3100,892
3101,909
3102,897
3103,757
3104,639
3105,541
3106,458
3107,389
3108,330
3109,281
3110,238
3111,203
3112,173
3113,147
3114,126
3115,108
3116,93
3117,159
3118,289
3119,397
3120,489
3121,565
3122,632
3123,687
3124,735
3125,775
3126,810
3127,839
3128,865
3129,886
3130,904
3131,919
3132,799
3133,673
3134,570
3135,482
3136,409
3137,347
3138,295
3139,251
3140,214
3141,182
3142,155
3143,133
3144,114
3145,97
3146,113
3147,253
3148,366
3149,463
3150,543
3151,613
3152,671
3153,722
3154,763
3155,800
3156,831
3157,857
3158,880
3159,899
3160,915
3161,843
3162,711
3163,601
3164,508
3165,431
3166,366
3167,311
3168,264
3169,225
3170,191
3171,163
3172,140
3173,119
3174,102
3175,87
3176,212
3177,332
3178,434
3179,519
3180,593
3181,654
3182,707
3183,751
3184,789
3185,821
3186,849
3187,873
3188,893
3189,910
3190,890
3191,749
3192,634
3193,535
3194,454
3195,385
3196,327
3197,277
3198,237
3199,201
3200,171
3201,146
3202,125
3203,107
3204,91
3205,168
3206,297
3207,403
3208,494
3209,570
3210,636
3211,691
3212,738
3213,778
3214,812
3215,841
3216,866
3217,887
3218,906
3219,920
3220,790
3221,666
3222,565
3223,478
3224,405
3225,344
3226,292
3227,248
3228,212
3229,180
3230,153
3231,131
3232,112
3233,96
3234,122
3235,259
3236,373
3237,468
3238,548
3239,616
3240,675
3241,724
3242,766
3243,802
3244,832
3245,859
3246,881
3247,901
3248,917
3249,833
3250,703
3251,594
3252,503
3253,426
3254,362
3255,307
3256,261
3257,222
3258,189
3259,162
3260,138
3261,118
3262,101
3263,85
3264,220
3265,340
3266,439
3267,525
3268,596
3269,658
3270,709
3271,754
3272,791
3273,823
3274,851
3275,874
3276,894
3277,911
3278,879
3279,741
3280,626
3281,530
3282,449
3283,381
3284,323
3285,275
3286,233
3287,199
3288,170
3289,145
3290,124
3291,106
3292,91
3293,178
3294,305
3295,410
3296,500
3297,575
3298,640
3299,694
3300,741
3301,780
3302,814
3303,843
3304,868
3305,889
3306,906
3307,919
3308,781
3309,659
3310,558
3311,472
3312,401
3313,340
3314,289
3315,246
3316,209
3317,178
3318,152
3319,130
3320,111
3321,95
3322,132
3323,269
3324,379
3325,474
3326,553
3327,621
3328,679
3329,727
3330,768
3331,804
3332,835
3333,861
3334,883
3335,901
3336,917
3337,823
3338,695
3339,587
3340,498
3341,422
3342,358
3343,304
3344,258
3345,220
3346,187
3347,160
3348,136
3349,117
3350,100
3351,90
3352,229
3353,346
3354,446
3355,529
3356,601
3357,661
3358,713
3359,756
3360,794
3361,825
3362,852
3363,876
3364,895
3365,912
3366,870
3367,732
3368,620
3369,524
3370,445
3371,376
3372,320
3373,272
3374,231
3375,197
3376,167
3377,144
3378,122
3379,105
3380,89
3381,186
3382,312
3383,416
3384,505
3385,579
3386,644
3387,697
3388,743
3389,782
3390,816
3391,845
3392,869
3393,889
3394,908
3395,913
3396,773
3397,652
3398,552
3399,468
3400,397
3401,337
3402,286
3403,243
3404,207
3405,176
3406,150
3407,129
3408,110
3409,94
3410,142
3411,276
3412,385
3413,479
3414,558
3415,625
3416,682
3417,730
3418,771
3419,807
3420,836
3421,862
3422,883
3423,902
3424,918
3425,816
3426,688
3427,582
3428,493
3429,418
3430,354
3431,301
3432,256
3433,218
3434,185
3435,158
3436,135
3437,116
3438,99
3439,96
3440,237
3441,353
3442,452
3443,535
3444,605
3445,665
3446,716
3447,759
3448,796
3449,828
3450,854
3451,877
3452,897
3453,913
3454,861
3455,724
3456,611
3457,519
3458,440
3459,373
3460,317
3461,269
3462,228
3463,195
3464,166
3465,142
3466,122
3467,104
3468,89
3469,195
3470,320
3471,422
3472,511
3473,584
3474,648
3475,700
3476,746
3477,785
3478,818
3479,846
3480,871
3481,891
3482,909
3483,905
3484,765
3485,645
3486,547
3487,463
3488,393
3489,333
3490,283
3491,240
3492,205
3493,175
3494,149
3495,128
3496,109
3497,93
3498,151
3499,284
3500,392
3501,484
3502,562
3503,629
3504,685
3505,732
3506,773
3507,808
3508,838
3509,863
3510,885
3511,903
3512,919
3513,806
3514,680
3515,576
3516,487
3517,413
3518,350
3519,298
3520,253
3521,216
3522,184
3523,157
3524,134
3525,115
3526,98
3527,105
3528,245
3529,360
3530,458
3531,539
3532,609
3533,668
3534,719
3535,761
3536,798
3537,829
3538,856
3539,878
3540,898
3541,914
3542,849
3543,717
3544,607
3545,514
3546,435
3547,369
3548,313
3549,266
3550,227
3551,193
3552,164
3553,141
3554,120
3555,103
3556,88
3557,204
3558,327
3559,428
3560,515
3561,588
3562,651
3563,703
3564,749
3565,787
3566,820
3567,848
3568,872
3569,892
3570,909
3571,896
3572,756
3573,638
3574,541
3575,458
3576,388
3577,329
3578,280
3579,238
3580,203
3581,173
3582,147
3583,126
3584,108
3585,93
3586,161
3587,292
3588,399
3589,490
3590,567
3591,632
3592,688
3593,735
3594,776
3595,811
3596,840
3597,865
3598,886
3599,904
3600,920
3601,798
3602,673
3603,570
3604,482
3605,409
3606,347
3607,295
3608,250
3609,213
3610,181
3611,155
3612,133
3613,113
3614,97
3615,114
3616,253
3617,366
3618,463
3619,544
3620,614
3621,671
3622,722
3623,764
3624,800
3625,831
3626,858
3627,880
3628,899
3629,915
3630,841
3631,709
3632,600
3633,508
3634,430
3635,365
3636,310
3637,264
3638,224
3639,191
3640,162
3641,139
3642,119
3643,102
3644,87
3645,212
3646,334
3647,434
3648,520
3649,592
3650,655
3651,706
3652,751
3653,789
3654,822
3655,849
3656,873
3657,893
3658,911
3659,887
3660,749
3661,632
3662,535
3663,453
3664,385
3665,326
3666,277
3667,236
3668,201
3669,171
3670,146
3671,125
3672,108
3673,91
3674,171
3675,299
3676,405
3677,495
3678,571
3679,637
3680,691
3681,738
3682,778
3683,812
3684,841
3685,867
3686,887
3687,906
3688,921
3689,788
3690,666
3691,563
3692,477
3693,404
3694,343
3695,292
3696,248
3697,211
3698,180
3699,154
3700,131
3701,113
3702,96
3703,124
3704,262
3705,373
3706,469
3707,548
3708,617
3709,675
3710,724
3711,766
3712,802
3713,833
3714,859
3715,881
3716,900
3717,917
3718,832
3719,701
3720,594
3721,502
3722,426
3723,361
3724,307
3725,261
3726,222
3727,189
3728,161
3729,138
3730,117
3731,101
3732,85
3733,222
3734,340
3735,441
3736,525
3737,597
3738,658
3739,710
3740,754
3741,792
3742,823
3743,851
3744,874
3745,894
3746,912
3747,879
3748,739
3749,626
3750,529
3751,449
3752,380
3753,323
3754,274
3755,233
3756,199
3757,169
3758,144
3759,124
3760,105
3761,91
3762,178
3763,306
3764,410
3765,500
3766,576
3767,641
3768,694
3769,741
3770,781
3771,814
3772,843
3773,867
3774,889
3775,906
3776,919
3777,781
3778,659
3779,558
3780,472
3781,400
3782,340
3783,289
3784,245
3785,209
3786,178
3787,152
3788,130
3789,111
3790,95
3791,133
3792,269
3793,379
3794,474
3795,553
3796,621
3797,678
3798,727
3799,768
3800,804
3801,834
3802,860
3803,882
3804,901
3805,917
3806,823
3807,694
3808,588
3809,497
3810,422
3811,357
3812,304
3813,258
3814,220
3815,187
3816,160
3817,136
3818,117
3819,99
3820,89
3821,230
3822,347
3823,447
3824,530
3825,601
3826,662
3827,713
3828,756
3829,794
3830,826
3831,853
3832,876
3833,895
3834,913
3835,869
3836,731
3837,619
3838,523
3839,444
3840,376
3841,319
3842,271
3843,231
3844,197
3845,168
3846,144
3847,122
3848,105
3849,90
3850,187
3851,314
3852,417
3853,506
3854,580
3855,644
3856,697
3857,743
3858,783
3859,816
3860,845
3861,869
3862,890
3863,907
3864,912
3865,772
3866,651
3867,552
3868,467
3869,396
3870,336
3871,286
3872,243
3873,207
3874,176
3875,150
3876,128
3877,110
3878,94
3879,143
3880,277
3881,386
3882,480
3883,559
3884,625
3885,682
3886,730
3887,772
3888,806
3889,836
3890,862
3891,883
3892,902
3893,918
3894,815
3895,687
3896,582
3897,492
3898,418
3899,354
3900,301
3901,255
3902,218
3903,185
3904,158
3905,135
3906,116
3907,99
3908,97
3909,238
3910,354
3911,452
3912,535
3913,606
3914,665
3915,716
3916,759
3917,796
3918,827
3919,854
3920,877
3921,897
3922,913
3923,860
3924,724
3925,613
3926,519
3927,440
3928,373
3929,317
3930,269
3931,229
3932,194
3933,166
3934,142
3935,122
3936,104
3937,89
3938,196
3939,320
3940,423
3941,511
3942,584
3943,648
3944,701
3945,747
3946,785
3947,818
3948,846
3949,871
3950,891
3951,909
3952,904
3953,763
3954,644
3955,546
3956,462
3957,392
3958,332
3959,283
3960,240
3961,205
3962,174
3963,149
3964,127
3965,109
3966,93
3967,152
3968,285
3969,393
3970,485
3971,563
3972,629
3973,685
3974,733
3975,774
3976,809
3977,838
3978,863
3979,885
3980,904
3981,919
3982,806
3983,679
3984,575
3985,486
3986,413
3987,350
3988,298
3989,253
3990,215
3991,183
3992,156
3993,133
3994,114
3995,98
3996,106
3997,247
3998,361
3999,459
4000,539
4001,610
4002,668
4003,719
4004,761
4005,798
4006,829
4007,856
4008,878
4009,898
4010,914
4011,849
4012,716
4013,605
4014,512
4015,434
4016,368
4017,313
4018,266
4019,226
4020,193
4021,164
4022,140
4023,120
4024,103
4025,88
4026,205
4027,328
4028,429
4029,516
4030,589
4031,651
4032,704
4033,749
4034,787
4035,820
4036,848
4037,872
4038,892
4039,910
4040,895
4041,755
4042,637
4043,540
4044,457
4045,388
4046,329
4047,280
4048,238
4049,203
4050,173
4051,147
4052,126
4053,108
4054,92
4055,163
4056,292
4057,400
4058,491
4059,568
4060,633
4061,689
4062,735
4063,776
4064,810
4065,840
4066,865
4067,886
4068,904
4069,920
4070,797
4071,672
4072,569
4073,481
4074,408
4075,346
4076,295
4077,250
4078,213
4079,181
4080,155
4081,132
4082,113
4083,97
4084,115
4085,254
4086,367
4087,464
4088,544
4089,614
4090,672
4091,722
4092,764
4093,800
4094,831
4095,858
4096,880
4097,899
4098,915
4099,841
4100,708
4101,598
4102,507
4103,430
4104,364
4105,310
4106,263
4107,224
4108,191
4109,163
4110,139
4111,119
4112,101
4113,87
4114,214
4115,334
4116,436
4117,520
4118,593
4119,655
4120,707
4121,751
4122,790
4123,822
4124,850
4125,873
4126,894
4127,910
4128,887
4129,748
4130,631
4131,535
4132,453
4133,384
4134,326
4135,277
4136,236
4137,201
4138,171
4139,146
4140,125
4141,107
4142,91
4143,172
4144,300
4145,405
4146,496
4147,572
4148,637
4149,692
4150,739
4151,778
4152,812
4153,841
4154,866
4155,887
4156,906
4157,921
4158,787
4159,666
4160,562
4161,477
4162,404
4163,343
4164,291
4165,248
4166,211
4167,180
4168,153
4169,131
4170,112
4171,96
4172,125
4173,261
4174,374
4175,470
4176,549
4177,618
4178,675
4179,725
4180,766
4181,802
4182,833
4183,859
4184,881
4185,900
4186,916
4187,832
4188,701
4189,594
4190,502
4191,426
4192,361
4193,307
4194,260
4195,222
4196,189
4197,161
4198,138
4199,118
4200,101
4201,85
4202,223
4203,341
4204,442
4205,525
4206,598
4207,658
4208,710
4209,754
4210,792
4211,824
4212,851
4213,875
4214,895
4215,912
4216,877
4217,738
4218,625
4219,528
4220,448
4221,379
4222,323
4223,274
4224,233
4225,199
4226,169
4227,144
4228,123
4229,106
4230,92
4231,180
4232,307
4233,411
4234,501
4235,576
4236,641
4237,695
4238,741
4239,781
4240,814
4241,843
4242,868
4243,889
4244,907
4245,919
4246,778
4247,658
4248,556
4249,472
4250,399
4251,340
4252,288
4253,245
4254,208
4255,178
4256,151
4257,130
4258,111
4259,95
4260,134
4261,270
4262,380
4263,475
4264,554
4265,622
4266,679
4267,728
4268,770
4269,805
4270,835
4271,861
4272,883
4273,901
4274,918
4275,821
4276,694
4277,586
4278,497
4279,421
4280,357
4281,303
4282,258
4283,220
4284,187
4285,159
4286,136
4287,116
4288,100
4289,91
4290,230
4291,349
4292,447
4293,531
4294,601
4295,662
4296,713
4297,757
4298,794
4299,826
4300,853
4301,876
4302,896
4303,912
4304,867
4305,731
4306,617
4307,523
4308,443
4309,376
4310,319
4311,271
4312,231
4313,197
4314,167
4315,143
4316,122
4317,105
4318,90
4319,189
4320,314
4321,418
4322,506
4323,581
4324,645
4325,698
4326,744
4327,783
4328,816
4329,845
4330,869
4331,890
4332,908
4333,911
4334,771
4335,650
4336,551
4337,466
4338,396
4339,335
4340,286
4341,242
4342,206
4343,176
4344,150
4345,128
4346,110
4347,94
4348,144
4349,278
4350,387
4351,481
4352,559
4353,625
4354,682
4355,730
4356,771
4357,807
4358,837
4359,862
4360,884
4361,902
4362,919
4363,813
4364,687
4365,580
4366,492
4367,416
4368,354
4369,300
4370,256
4371,217
4372,185
4373,158
4374,135
4375,115
4376,99
4377,98
4378,239
4379,354
4380,453
4381,535
4382,606
4383,665
4384,716
4385,759
4386,796
4387,827
4388,855
4389,877
4390,897
4391,913
4392,858
4393,722
4394,612
4395,517
4396,438
4397,372
4398,316
4399,268
4400,228
4401,195
4402,165
4403,142
4404,121
4405,104
4406,89
4407,198
4408,321
4409,424
4410,511
4411,585
4412,648
4413,701
4414,747
4415,785
4416,818
4417,847
4418,871
4419,891
4420,909
4421,903
4422,762
4423,644
4424,545
4425,462
4426,392
4427,333
4428,282
4429,240
4430,205
4431,174
4432,149
4433,127
4434,109
4435,93
4436,153
4437,286
4438,395
4439,486
4440,564
4441,630
4442,686
4443,733
4444,774
4445,809
4446,838
4447,864
4448,885
4449,903
4450,919
4451,804
4452,678
4453,574
4454,486
4455,412
4456,349
4457,297
4458,252
4459,215
4460,183
4461,156
4462,133
4463,114
4464,98
4465,107
4466,247
4467,361
4468,459
4469,540
4470,610
4471,669
4472,719
4473,762
4474,799
4475,830
4476,856
4477,879
4478,898
4479,914
4480,846
4481,716
4482,605
4483,511
4484,434
4485,368
4486,312
4487,266
4488,226
4489,192
4490,164
4491,140
4492,120
4493,103
4494,88
4495,206
4496,329
4497,430
4498,517
4499,589
4500,652
4501,704
4502,750
4503,787
4504,821
4505,848
4506,872
4507,892
4508,910
4509,894
4510,754
4511,637
4512,539
4513,456
4514,387
4515,329
4516,280
4517,237
4518,203
4519,172
4520,147
4521,126
4522,108
4523,92
4524,164
4525,293
4526,400
4527,491
4528,568
4529,633
4530,689
4531,736
4532,776
4533,811
4534,840
4535,865
4536,886
4537,904
4538,920
4539,796
4540,671
4541,568
4542,481
4543,408
4544,346
4545,294
4546,250
4547,213
4548,181
4549,155
4550,132
4551,113
4552,97
4553,117
4554,255
4555,368
4556,465
4557,545
4558,614
4559,672
4560,722
4561,765
4562,801
4563,831
4564,858
4565,880
4566,899
4567,916
4568,839
4569,707
4570,599
4571,506
4572,429
4573,364
4574,310
4575,263
4576,224
4577,190
4578,162
4579,139
4580,119
4581,102
4582,87
4583,215
4584,335
4585,436
4586,521
4587,594
4588,655
4589,708
4590,752
4591,790
4592,822
4593,850
4594,873
4595,894
4596,911
4597,886
4598,746
4599,631
4600,533
4601,453
4602,383
4603,326
4604,276
4605,236
4606,200
4607,171
4608,145
4609,125
4610,107
4611,92
4612,171
4613,300
4614,406
4615,496
4616,572
4617,637
4618,692
4619,738
4620,779
4621,813
4622,842
4623,866
4624,887
4625,906
4626,921
4627,787
4628,664
4629,563
4630,475
4631,404
4632,342
4633,291
4634,247
4635,210
4636,179
4637,153
4638,131
4639,112
4640,96
4641,126
4642,262
4643,375
4644,470
4645,550
4646,619
4647,676
4648,725
4649,767
4650,803
4651,833
4652,859
4653,881
4654,900
4655,916
4656,830
4657,701
4658,592
4659,502
4660,425
4661,361
4662,306
4663,261
4664,221
4665,189
4666,161
4667,138
4668,118
4669,101
4670,86
4671,224
4672,342
4673,442
4674,526
4675,598
4676,659
4677,711
4678,754
4679,792
4680,824
4681,852
4682,875
4683,895
4684,912
4685,876
4686,737
4687,624
4688,527
4689,448
4690,379
4691,323
4692,273
4693,233
4694,198
4695,169
4696,145
4697,123
4698,106
4699,91
4700,182
4701,307
4702,413
4703,501
4704,577
4705,641
4706,695
4707,741
4708,781
4709,815
4710,844
4711,868
4712,889
4713,907
4714,917
4715,777
4716,657
4717,555
4718,471
4719,399
4720,339
4721,288
4722,245
4723,209
4724,178
4725,152
4726,130
4727,111
4728,95
4729,136
4730,271
4731,381
4732,476
4733,554
4734,622
4735,679
4736,728
4737,769
4738,805
4739,835
4740,861
4741,883
4742,901
4743,917
4744,821
4745,692
4746,586
4747,495
4748,420
4749,356
4750,303
4751,257
4752,219
4753,187
4754,159
4755,136
4756,116
4757,99
4758,92
4759,232
4760,349
4761,448
4762,531
4763,602
4764,663
4765,714
4766,757
4767,795
4768,826
4769,853
4770,876
4771,896
4772,913
4773,867
4774,729
4775,617
4776,522
4777,443
4778,375
4779,318
4780,271
4781,230
4782,196
4783,167
4784,143
4785,122
4786,104
4787,90
4788,190
4789,315
4790,418
4791,507
4792,581
4793,645
4794,699
4795,744
4796,783
4797,816
4798,846
4799,869
4800,890
4801,908
4802,911
4803,769
4804,651
4805,550
4806,466
4807,395
4808,335
4809,285
4810,242
4811,206
4812,176
4813,150
4814,128
4815,110
4816,94
4817,145
4818,279
4819,388
4820,481
4821,559
4822,626
4823,682
4824,731
4825,771
4826,807
4827,837
4828,862
4829,884
4830,902
4831,918
4832,813
4833,685
4834,580
4835,491
4836,416
4837,353
4838,300
4839,255
4840,217
4841,185
4842,157
4843,135
4844,115
4845,99
4846,99
4847,240
4848,356
4849,455
4850,536
4851,607
4852,666
4853,717
4854,760
4855,797
4856,828
4857,855
4858,878
4859,897
4860,914
4861,858
4862,721
4863,611
4864,516
4865,438
4866,371
4867,315
4868,268
4869,228
4870,194
4871,166
4872,142
4873,121
4874,104
4875,89
4876,198
4877,323
4878,424
4879,512
4880,585
4881,649
4882,701
4883,747
4884,785
4885,819
4886,847
4887,871
4888,892
4889,909
4890,902
4891,761
4892,643
4893,544
4894,461
4895,391
4896,332
4897,282
4898,240
4899,204
4900,174
4901,149
4902,127
4903,109
4904,93
4905,154
4906,286
4907,396
4908,487
4909,564
4910,630
4911,686
4912,734
4913,774
4914,809
4915,838
4916,864
4917,885
4918,904
4919,919
4920,803
4921,677
4922,573
4923,486
4924,411
4925,350
4926,297
4927,252
4928,214
4929,183
4930,156
4931,134
4932,114
4933,98
4934,108
4935,248
4936,362
4937,460
4938,541
4939,611
4940,669
4941,720
4942,762
4943,799
4944,830
4945,856
4946,879
4947,898
4948,915
4949,848
4950,714
4951,604
4952,511
4953,434
4954,368
4955,312
4956,265
4957,226
4958,192
4959,164
4960,140
4961,120
4962,102
4963,88
4964,208
4965,329
4966,431
4967,516
4968,590
4969,652
4970,705
4971,749
4972,788
4973,820
4974,849
4975,872
4976,893
4977,910
4978,894
4979,752
4980,637
4981,538
4982,457
4983,386
4984,329
4985,279
4986,237
4987,202
4988,172
4989,147
4990,125
4991,107
4992,92
4993,164
4994,293
4995,400
4996,491
4997,569
4998,634
4999,689
5000,736
5001,777
5002,811
5003,841
5004,865
5005,887
5006,905
5007,920
5008,795
5009,670
5010,567
5011,480
5012,407
5013,345
5014,294
5015,249
5016,212
5017,181
5018,154
5019,132
5020,113
5021,96
5022,118
5023,257
5024,369
5025,465
5026,545
5027,615
5028,673
5029,723
5030,764
5031,801
5032,831
5033,858
5034,880
5035,899
5036,916
5037,839
5038,707
5039,598
5040,506
5041,428
5042,364
5043,309
5044,263
5045,223
5046,191
5047,162
5048,139
5049,118
5050,101
5051,87
5052,216
5053,336
5054,437
5055,522
5056,595
5057,655
5058,708
5059,752
5060,790
5061,822
5062,850
5063,874
5064,894
5065,911
5066,885
5067,745
5068,630
5069,532
5070,452
5071,383
5072,325
5073,276
5074,235
5075,200
5076,171
5077,146
5078,124
5079,107
5080,91
5081,174
5082,302
5083,408
5084,497
5085,573
5086,637
5087,693
5088,739
5089,779
5090,813
5091,842
5092,867
5093,888
5094,906
5095,921
5096,786
5097,663
5098,562
5099,475
5100,403
5101,342
5102,291
5103,247
5104,210
5105,179
5106,153
5107,131
5108,112
5109,96
5110,128
5111,264
5112,375
5113,471
5114,550
5115,619
5116,677
5117,725
5118,767
5119,803
5120,833
5121,859
5122,882
5123,900
5124,917
5125,829
5126,700
5127,591
5128,501
5129,425
5130,360
5131,306
5132,260
5133,222
5134,188
5135,161
5136,137
5137,117
5138,100
5139,86
5140,224
5141,343
5142,442
5143,527
5144,598
5145,660
5146,711
5147,755
5148,792
5149,824
5150,852
5151,875
5152,895
5153,912
5154,875
5155,736
5156,623
5157,526
5158,448
5159,378
5160,322
5161,274
5162,232
5163,198
5164,168
5165,144
5166,123
5167,105
5168,90
5169,182
5170,308
5171,414
5172,502
5173,578
5174,641
5175,696
5176,742
5177,781
5178,815
5179,843
5180,868
5181,889
5182,907
5183,917
5184,777
5185,656
5186,555
5187,470
5188,399
5189,338
5190,288
5191,244
5192,208
5193,177
5194,151
5195,130
5196,110
5197,95
5198,137
5199,272
5200,382
5201,476
5202,555
5203,622
5204,680
5205,728
5206,769
5207,805
5208,835
5209,861
5210,883
5211,902
5212,917
5213,819
5214,692
5215,584
5216,496
5217,420
5218,356
5219,302
5220,257
5221,219
5222,187
5223,159
5224,136
5225,116
5226,100
5227,93
5228,233
5229,350
5230,449
5231,532
5232,603
5233,663
5234,714
5235,757
5236,795
5237,826
5238,854
5239,876
5240,896
5241,913
5242,866
5243,728
5244,617
5245,521
5246,442
5247,375
5248,318
5249,271
5250,231
5251,196
5252,167
5253,143
5254,122
5255,104
5256,90
5257,191
5258,316
5259,419
5260,508
5261,581
5262,645
5263,699
5264,745
5265,783
5266,817
5267,845
5268,869
5269,890
5270,908
5271,909
5272,769
5273,649
5274,549
5275,465
5276,395
5277,335
5278,285
5279,242
5280,206
5281,176
5282,150
5283,128
5284,110
5285,94
5286,146
5287,280
5288,388
5289,481
5290,559
5291,627
5292,683
5293,731
5294,772
5295,807
5296,837
5297,862
5298,884
5299,902
5300,918
5301,810
5302,685
5303,578
5304,490
5305,415
5306,353
5307,299
5308,255
5309,217
5310,185
5311,157
5312,135
5313,115
5314,98
5315,101
5316,241
5317,356
5318,454
5319,536
5320,607
5321,666
5322,717
5323,760
5324,797
5325,828
5326,855
5327,878
5328,898
5329,914
5330,857
5331,722
5332,611
5333,517
5334,437
5335,372
5336,315
5337,268
5338,228
5339,194
5340,165
5341,141
5342,121
5343,103
5344,89
5345,200
5346,323
5347,425
5348,513
5349,586
5350,649
5351,702
5352,747
5353,786
5354,819
5355,847
5356,871
5357,891
5358,909
5359,901
5360,760
5361,642
5362,544
5363,460
5364,390
5365,331
5366,281
5367,239
5368,204
5369,174
5370,148
5371,127
5372,109
5373,93
5374,156
5375,287
5376,396
5377,487
5378,565
5379,630
5380,686
5381,734
5382,775
5383,809
5384,839
5385,864
5386,885
5387,904
5388,920
5389,801
5390,678
5391,572
5392,485
5393,410
5394,349
5395,296
5396,252
5397,214
5398,183
5399,156
5400,133
5401,113
5402,98
5403,110
5404,250
5405,363
5406,461
5407,541
5408,612
5409,670
5410,720
5411,762
5412,799
5413,830
5414,857
5415,879
5416,899
5417,915
5418,846
5419,713
5420,603
5421,510
5422,432
5423,367
5424,311
5425,265
5426,225
5427,192
5428,164
5429,140
5430,119
5431,103
5432,88
5433,208
5434,330
5435,431
5436,518
5437,590
5438,653
5439,705
5440,750
5441,788
5442,821
5443,848
5444,872
5445,892
5446,910
5447,892
5448,752
5449,635
5450,538
5451,456
5452,387
5453,328
5454,279
5455,237
5456,203
5457,172
5458,147
5459,125
5460,108
5461,92
5462,165
5463,294
5464,401
5465,492
5466,569
5467,634
5468,690
5469,737
5470,777
5471,811
5472,840
5473,865
5474,887
5475,905
5476,920
5477,793
5478,670
5479,567
5480,480
5481,407
5482,345
5483,294
5484,249
5485,212
5486,180
5487,154
5488,132
5489,113
5490,96
5491,119
5492,257
5493,369
5494,466
5495,546
5496,615
5497,673
5498,723
5499,765
5500,801
5501,831
5502,858
5503,880
5504,899
5505,916
5506,837
5507,706
5508,597
5509,505
5510,428
5511,364
5512,308
5513,262
5514,223
5515,190
5516,162
5517,139
5518,118
5519,101
5520,86
5521,218
5522,336
5523,438
5524,522
5525,595
5526,656
5527,708
5528,753
5529,790
5530,823
5531,850
5532,874
5533,894
5534,911
5535,884
5536,743
5537,630
5538,532
5539,451
5540,382
5541,325
5542,276
5543,235
5544,200
5545,170
5546,145
5547,124
5548,106
5549,91
5550,175
5551,303
5552,408
5553,497
5554,574
5555,638
5556,694
5557,739
5558,780
5559,813
5560,843
5561,867
5562,888
5563,906
5564,921
5565,784
5566,662
5567,561
5568,474
5569,402
5570,341
5571,290
5572,247
5573,210
5574,179
5575,153
5576,130
5577,112
5578,96
5579,129
5580,265
5581,376
5582,471
5583,551
5584,619
5585,677
5586,726
5587,767
5588,803
5589,834
5590,859
5591,882
5592,900
5593,917
5594,827
5595,698
5596,591
5597,500
5598,424
5599,359
5600,306
5601,259
5602,221
5603,188
5604,161
5605,137
5606,118
5607,100
5608,88
5609,225
5610,344
5611,443
5612,528
5613,599
5614,660
5615,711
5616,755
5617,793
5618,825
5619,852
5620,875
5621,895
5622,912
5623,873
5624,736
5625,622
5626,527
5627,446
5628,379
5629,322
5630,273
5631,233
5632,197
5633,169
5634,144
5635,123
5636,105
5637,90
5638,183
5639,310
5640,414
5641,503
5642,578
5643,642
5644,696
5645,742
5646,782
5647,815
5648,844
5649,869
5650,889
5651,907
5652,915
5653,776
5654,655
5655,555
5656,469
5657,398
5658,338
5659,287
5660,244
5661,208
5662,177
5663,151
5664,129
5665,111
5666,95
5667,138
5668,274
5669,383
5670,477
5671,555
5672,623
5673,680
5674,729
5675,771
5676,805
5677,835
5678,861
5679,883
5680,902
5681,918
5682,819
5683,690
5684,585
5685,494
5686,420
5687,355
5688,302
5689,257
5690,219
5691,186
5692,159
5693,136
5694,116
5695,99
5696,93
5697,234
5698,350
5699,450
5700,532
5701,603
5702,663
5703,714
5704,757
5705,795
5706,826
5707,854
5708,877
5709,897
5710,913
5711,864
5712,727
5713,616
5714,521
5715,442
5716,374
5717,318
5718,270
5719,230
5720,196
5721,167
5722,143
5723,122
5724,104
5725,90
5726,192
5727,317
5728,420
5729,508
5730,582
5731,646
5732,699
5733,745
5734,784
5735,817
5736,845
5737,870
5738,891
5739,908
5740,909
5741,767
5742,649
5743,548
5744,465
5745,394
5746,335
5747,284
5748,241
5749,206
5750,175
5751,150
5752,128
5753,110
5754,94
5755,148
5756,281
5757,390
5758,483
5759,560
5760,627
5761,684
5762,732
5763,773
5764,807
5765,837
5766,863
5767,884
5768,903
5769,919
5770,810
5771,683
5772,579
5773,489
5774,415
5775,352
5776,300
5777,255
5778,217
5779,185
5780,157
5781,135
5782,115
5783,99
5784,102
5785,243
5786,357
5787,456
5788,537
5789,608
5790,667
5791,718
5792,760
5793,797
5794,828
5795,855
5796,878
5797,897
5798,914
5799,855
5800,719
5801,609
5802,515
5803,436
5804,370
5805,314
5806,267
5807,227
5808,194
5809,165
5810,141
5811,121
5812,103
5813,89
5814,201
5815,324
5816,426
5817,514
5818,587
5819,649
5820,702
5821,747
5822,786
5823,819
5824,847
5825,871
5826,892
5827,909
5828,900
5829,758
5830,642
5831,542
5832,461
5833,390
5834,332
5835,281
5836,240
5837,203
5838,174
5839,148
5840,126
5841,108
5842,93
5843,156
5844,288
5845,396
5846,487
5847,565
5848,631
5849,687
5850,734
5851,775
5852,809
5853,839
5854,864
5855,885
5856,904
5857,920
5858,801
5859,676
5860,572
5861,484
5862,411
5863,348
5864,296
5865,252
5866,214
5867,182
5868,156
5869,133
5870,114
5871,97
5872,111
5873,250
5874,364
5875,461
5876,542
5877,612
5878,670
5879,720
5880,763
5881,800
5882,830
5883,857
5884,879
5885,898
5886,915
5887,845
5888,712
5889,602
5890,509
5891,432
5892,366
5893,311
5894,264
5895,225
5896,192
5897,163
5898,140
5899,120
5900,102
5901,88
5902,209
5903,331
5904,432
5905,518
5906,591
5907,653
5908,706
5909,750
5910,788
5911,821
5912,849
5913,873
5914,893
5915,910
5916,890
5917,751
5918,634
5919,537
5920,455
5921,386
5922,327
5923,278
5924,237
5925,202
5926,172
5927,147
5928,125
5929,107
5930,92
5931,167
5932,296
5933,403
5934,493
5935,570
5936,635
5937,690
5938,738
5939,777
5940,812
5941,841
5942,866
5943,887
5944,905
5945,920
5946,791
5947,669
5948,565
5949,479
5950,406
5951,345
5952,293
5953,249
5954,212
5955,181
5956,154
5957,132
5958,113
5959,97
5960,120
5961,258
5962,371
5963,467
5964,547
5965,616
5966,674
5967,723
5968,765
5969,801
5970,832
5971,858
5972,880
5973,900
5974,916
5975,836
5976,705
5977,597
5978,505
5979,428
5980,363
5981,309
5982,262
5983,224
5984,190
5985,162
5986,138
5987,119
5988,102
5989,88
5990,218
5991,338
5992,438
5993,523
5994,596
5995,657
5996,709
5997,753
5998,791
5999,823
6000,851
6001,874
6002,894
6003,911
6004,883
6005,743
6006,629
6007,531
6008,451
6009,382
6010,325
6011,276
6012,235
6013,200
6014,170
6015,145
6016,124
6017,106
6018,91
6019,176
6020,303
6021,409
6022,498
6023,574
6024,639
6025,693
6026,740
6027,780
6028,813
6029,843
6030,867
6031,888
6032,906
6033,920
6034,784
6035,661
6036,560
6037,474
6038,402
6039,341
6040,290
6041,246
6042,210
6043,179
6044,153
6045,130
6046,111
6047,96
6048,129
6049,266
6050,377
6051,472
6052,551
6053,620
6054,677
6055,726
6056,768
6057,804
6058,834
6059,860
6060,882
6061,901
6062,917
6063,826
6064,697
6065,590
6066,499
6067,424
6068,359
6069,305
6070,259
6071,220
6072,188
6073,160
6074,137
6075,117
6076,101
6077,88
6078,227
6079,344
6080,444
6081,528
6082,599
6083,660
6084,712
6085,755
6086,793
6087,825
6088,853
6089,875
6090,896
6091,912
6092,873
6093,734
6094,621
6095,525
6096,446
6097,378
6098,321
6099,272
6100,232
6101,197
6102,168
6103,144
6104,123
6105,105
6106,90
6107,185
6108,310
6109,415
6110,503
6111,579
6112,642
6113,697
6114,742
6115,782
6116,815
6117,844
6118,868
6119,890
6120,907
6121,915
6122,774
6123,655
6124,553
6125,469
6126,397
6127,338
6128,287
6129,244
6130,207
6131,177
6132,151
6133,129
6134,110
6135,95
6136,140
6137,274
6138,384
6139,478
6140,556
6141,624
6142,680
6143,729
6144,771
6145,805
6146,835
6147,861
6148,883
6149,902
6150,918
6151,816
6152,690
6153,583
6154,494
6155,419
6156,355
6157,302
6158,257
6159,218
6160,186
6161,159
6162,135
6163,116
6164,99
6165,94
6166,235
6167,351
6168,450
6169,533
6170,604
6171,664
6172,715
6173,758
6174,795
6175,827
6176,854
6177,877
6178,896
6179,913
6180,863
6181,726
6182,615
6183,520
6184,441
6185,374
6186,318
6187,270
6188,229
6189,195
6190,167
6191,142
6192,122
6193,104
6194,89
6195,193
6196,318
6197,421
6198,509
6199,583
6200,646
6201,699
6202,745
6203,784
6204,817
6205,845
6206,870
6207,890
6208,908
6209,907
6210,767
6211,647
6212,549
6213,464
6214,394
6215,334
6216,284
6217,242
6218,206
6219,175
6220,150
6221,128
6222,110
6223,93
6224,148
6225,281
6226,390
6227,483
6228,561
6229,628
6230,684
6231,732
6232,773
6233,808
6234,838
6235,863
6236,884
6237,903
6238,919
6239,809
6240,682
6241,578
6242,489
6243,415
6244,352
6245,299
6246,254
6247,216
6248,184
6249,157
6250,134
6251,115
6252,98
6253,103
6254,243
6255,358
6256,456
6257,538
6258,608
6259,667
6260,718
6261,760
6262,798
6263,829
6264,855
6265,878
6266,898
6267,914
6268,854
6269,719
6270,609
6271,515
6272,436
6273,370
6274,315
6275,267
6276,227
6277,194
6278,165
6279,141
6280,121
6281,103
6282,88
6283,202
6284,325
6285,427
6286,514
6287,587
6288,650
6289,703
6290,748
6291,787
6292,819
6293,847
6294,872
6295,892
6296,909
6297,899
6298,757
6299,641
6300,541
6301,460
6302,389
6303,331
6304,281
6305,239
6306,203
6307,173
6308,148
6309,127
6310,109
6311,93
6312,158
6313,290
6314,396
6315,489
6316,566
6317,632
6318,688
6319,735
6320,775
6321,810
6322,839
6323,864
6324,886
6325,904
6326,920
6327,799
6328,675
6329,571
6330,483
6331,410
6332,348
6333,296
6334,251
6335,214
6336,182
6337,156
6338,133
6339,114
6340,97
6341,112
6342,251
6343,365
6344,462
6345,542
6346,612
6347,671
6348,721
6349,763
6350,800
6351,830
6352,857
6353,879
6354,898
6355,915
6356,844
6357,711
6358,600
6359,509
6360,431
6361,366
6362,311
6363,264
6364,225
6365,192
6366,164
6367,139
6368,119
6369,102
6370,88
6371,211
6372,331
6373,433
6374,518
6375,592
6376,653
6377,706
6378,750
6379,789
6380,821
6381,849
6382,873
6383,893
6384,910
6385,891
6386,750
6387,634
6388,536
6389,455
6390,385
6391,328
6392,278
6393,237
6394,201
6395,172
6396,146
6397,125
6398,107
6399,92
6400,169
6401,296
6402,403
6403,494
6404,570
6405,635
6406,691
6407,737
6408,777
6409,811
6410,841
6411,866
6412,887
6413,905
6414,920
6415,791
6416,667
6417,565
6418,479
6419,405
6420,344
6421,293
6422,249
6423,212
6424,180
6425,154
6426,132
6427,113
6428,96
6429,121
6430,258
6431,372
6432,467
6433,547
6434,616
6435,674
6436,723
6437,766
6438,802
6439,832
6440,858
6441,881
6442,900
6443,916
6444,835
6445,703
6446,594
6447,504
6448,427
6449,362
6450,308
6451,261
6452,223
6453,189
6454,162
6455,138
6456,118
6457,101
6458,86
6459,218
6460,339
6461,439
6462,524
6463,595
6464,658
6465,709
6466,754
6467,791
6468,823
6469,850
6470,874
6471,894
6472,911
6473,881
6474,743
6475,627
6476,531
6477,450
6478,382
6479,324
6480,275
6481,234
6482,199
6483,170
6484,145
6485,124
6486,107
6487,91
6488,176
6489,304
6490,409
6491,499
6492,574
6493,639
6494,693
6495,740
6496,780
6497,813
6498,842
6499,867
6500,888
6501,906
6502,920
6503,781
6504,661
6505,558
6506,474
6507,401
6508,341
6509,289
6510,247
6511,209
6512,179
6513,152
6514,131
6515,111
6516,96
6517,131
6518,267
6519,378
6520,473
6521,552
6522,620
6523,677
6524,726
6525,768
6526,804
6527,834
6528,860
6529,882
6530,901
6531,917
6532,826
6533,697
6534,588
6535,499
6536,423
6537,359
6538,305
6539,259
6540,221
6541,188
6542,160
6543,137
6544,117
6545,100
6546,88
6547,228
6548,345
6549,445
6550,528
6551,600
6552,660
6553,712
6554,755
6555,793
6556,825
6557,852
6558,876
6559,895
6560,912
6561,871
6562,733
6563,621
6564,525
6565,445
6566,377
6567,321
6568,272
6569,232
6570,197
6571,168
6572,144
6573,123
6574,105
6575,90
6576,186
6577,311
6578,416
6579,504
6580,579
6581,642
6582,697
6583,742
6584,782
6585,816
6586,845
6587,869
6588,889
6589,907
6590,914
6591,773
6592,654
6593,553
6594,469
6595,397
6596,338
6597,286
6598,244
6599,207
6600,177
6601,151
6602,129
6603,110
6604,94
6605,140
6606,275
6607,384
6608,478
6609,557
6610,624
6611,681
6612,730
6613,770
6614,805
6615,836
6616,861
6617,883
6618,902
6619,918
6620,816
6621,688
6622,583
6623,493
6624,418
6625,354
6626,302
6627,256
6628,218
6629,185
6630,158
6631,135
6632,116
6633,99
6634,95
6635,236
6636,352
6637,451
6638,533
6639,605
6640,664
6641,715
6642,758
6643,796
6644,827
6645,854
6646,877
6647,896
6648,913
6649,862
6650,725
6651,614
6652,519
6653,440
6654,373
6655,318
6656,269
6657,229
6658,195
6659,166
6660,142
6661,122
6662,104
6663,90
6664,194
6665,319
6666,422
6667,509
6668,583
6669,647
6670,700
6671,746
6672,784
6673,818
6674,846
6675,870
6676,891
6677,908
6678,906
6679,766
6680,646
6681,547
6682,463
6683,393
6684,333
6685,284
6686,241
6687,205
6688,175
6689,149
6690,128
6691,110
6692,94
6693,150
6694,283
6695,391
6696,484
6697,561
6698,628
6699,685
6700,732
6701,773
6702,808
6703,837
6704,863
6705,885
6706,903
6707,919
6708,807
6709,682
6710,576
6711,489
6712,414
6713,351
6714,298
6715,254
6716,216
6717,184
6718,157
6719,134
6720,114
6721,99
6722,104
6723,243
6724,360
6725,456
6726,539
6727,608
6728,668
6729,718
6730,761
6731,798
6732,829
6733,855
6734,878
6735,898
6736,914
6737,851
6738,719
6739,607
6740,515
6741,435
6742,369
6743,315
6744,267
6745,228
6746,194
6747,165
6748,141
6749,120
6750,103
6751,88
6752,203
6753,326
6754,427
6755,514
6756,588
6757,651
6758,703
6759,749
6760,786
6761,820
6762,848
6763,872
6764,892
6765,910
6766,898
6767,757
6768,640
6769,542
6770,459
6771,389
6772,330
6773,281
6774,238
6775,203
6776,173
6777,148
6778,126
6779,108
6780,92
6781,159
6782,290
6783,397
6784,489
6785,566
6786,632
6787,688
6788,735
6789,775
6790,810
6791,839
6792,864
6793,886
6794,904
6795,920
6796,799
6797,673
6798,571
6799,483
6800,409
6801,348
6802,295
6803,251
6804,213
6805,182
6806,155
6807,133
6808,113
6809,97
6810,113
6811,252
6812,366
6813,462
6814,543
6815,613
6816,671
6817,721
6818,764
6819,800
6820,831
6821,857
6822,880
6823,899
6824,915
6825,843
6826,710
6827,599
6828,508
6829,431
6830,365
6831,310
6832,264
6833,225
6834,191
6835,163
6836,139
6837,119
6838,103
6839,87
6840,212
6841,332
6842,434
6843,519
6844,593
6845,654
6846,707
6847,751
6848,789
6849,821
6850,849
6851,873
6852,893
6853,910
6854,889
6855,748
6856,633
6857,535
6858,454
6859,385
6860,327
6861,277
6862,236
6863,201
6864,171
6865,146
6866,125
6867,107
6868,92
6869,168
6870,297
6871,404
6872,494
6873,570
6874,635
6875,691
6876,738
6877,778
6878,812
6879,841
6880,866
6881,887
6882,905
6883,920
6884,789
6885,667
6886,564
6887,478
6888,405
6889,345
6890,292
6891,249
6892,211
6893,181
6894,153
6895,132
6896,112
6897,97
6898,123
6899,260
6900,372
6901,468
6902,548
6903,617
6904,675
6905,724
6906,766
6907,802
6908,832
6909,859
6910,881
6911,900
6912,916
6913,833
6914,703
6915,594
6916,503
6917,427
6918,362
6919,308
6920,261
6921,222
6922,189
6923,161
6924,138
6925,118
6926,101
6927,86
6928,220
6929,339
6930,440
6931,524
6932,597
6933,657
6934,710
6935,753
6936,792
6937,823
6938,851
6939,874
6940,894
6941,911
6942,880
6943,740
6944,627
6945,530
6946,450
6947,381
6948,324
6949,275
6950,234
6951,199
6952,169
6953,145
6954,124
6955,106
6956,91
6957,178
6958,305
6959,410
6960,500
6961,575
6962,639
6963,694
6964,740
6965,780
6966,814
6967,843
6968,868
6969,889
6970,906
6971,919
6972,782
6973,659
6974,559
6975,473
6976,401
6977,340
6978,289
6979,245
6980,209
6981,178
6982,152
6983,130
6984,111
6985,95
6986,132
6987,268
6988,379
6989,474
6990,553
6991,621
6992,678
6993,727
6994,768
6995,804
6996,834
6997,860
6998,882
6999,901
7000,917
7001,824
7002,696
7003,588
7004,497
7005,422
7006,358
7007,304
7008,258
7009,220
7010,187
7011,160
7012,136
7013,117
7014,100
7015,90
7016,229
7017,346
7018,446
7019,529
7020,601
7021,661
7022,712
7023,756
7024,794
7025,825
7026,852
7027,876
7028,895
7029,912
7030,870
7031,732
7032,620
7033,524
7034,445
7035,376
7036,320
7037,272
7038,231
7039,197
7040,167
7041,143
7042,123
7043,105
7044,90
7045,187
7046,313
7047,416
7048,505
7049,579
7050,643
7051,697
7052,743
7053,782
7054,816
7055,844
7056,869
7057,890
7058,907
7059,913
7060,772
7061,653
7062,552
7063,468
7064,396
7065,337
7066,286
7067,243
7068,207
7069,176
7070,151
7071,129
7072,110
7073,95
7074,142
7075,276
7076,385
7077,479
7078,557
7079,625
7080,681
7081,730
7082,771
7083,806
7084,836
7085,862
7086,884
7087,902
7088,918
7089,814
7090,688
7091,581
7092,493
7093,417
7094,355
7095,301
7096,256
7097,218
7098,185
7099,158
7100,135
7101,116
7102,99
7103,96
7104,237
7105,353
7106,452
7107,534
7108,605
7109,665
7110,716
7111,758
7112,796
7113,827
7114,854
7115,877
7116,896
7117,913
7118,861
7119,724
7120,613
7121,518
7122,440
7123,373
7124,317
7125,269
7126,229
7127,195
7128,166
7129,142
7130,121
7131,104
7132,89
7133,195
7134,320
7135,422
7136,510
7137,584
7138,647
7139,700
7140,746
7141,785
7142,818
7143,846
7144,870
7145,891
7146,908
7147,905
7148,765
7149,645
7150,547
7151,463
7152,393
7153,333
7154,283
7155,240
7156,205
7157,174
7158,149
7159,127
7160,109
7161,94
7162,151
7163,283
7164,391
7165,485
7166,562
7167,629
7168,685
7169,732
7170,773
7171,808
7172,838
7173,863
7174,885
7175,903
7176,919
7177,806
7178,681
7179,575
7180,488
7181,413
7182,351
7183,298
7184,253
7185,216
7186,184
7187,157
7188,135
7189,114
7190,98
7191,105
7192,245
7193,360
7194,458
7195,539
7196,609
7197,668
7198,719
7199,761
7200,798
7201,829
7202,856
7203,878
7204,898
7205,914
7206,851
7207,716
7208,607
7209,513
7210,435
7211,369
7212,313
7213,266
7214,226
7215,193
7216,164
7217,141
7218,120
7219,103
7220,88
7221,204
7222,327
7223,428
7224,515
7225,588
7226,651
7227,703
7228,749
7229,787
7230,820
7231,848
7232,872
7233,892
7234,909
7235,896
7236,756
7237,639
7238,541
7239,458
7240,389
7241,329
7242,281
7243,238
7244,203
7245,173
7246,148
7247,126
7248,108
7249,92
7250,160
7251,291
7252,398
7253,490
7254,567
7255,633
7256,688
7257,736
7258,776
7259,810
7260,840
7261,865
7262,886
7263,904
7264,920
7265,798
7266,673
7267,570
7268,482
7269,409
7270,347
7271,295
7272,250
7273,213
7274,182
7275,155
7276,132
7277,113
7278,97
7279,114
7280,253
7281,366
7282,463
7283,543
7284,613
7285,671
7286,721
7287,764
7288,800
7289,831
7290,857
7291,880
7292,899
7293,915
7294,842
7295,709
7296,599
7297,507
7298,430
7299,365
7300,310
7301,264
7302,224
7303,191
7304,163
7305,139
7306,119
7307,102
7308,87
7309,213
7310,333
7311,435
7312,520
7313,593
7314,655
7315,707
7316,751
7317,790
7318,822
7319,850
7320,873
7321,893
7322,910
7323,888
7324,748
7325,633
7326,534
7327,454
7328,384
7329,327
7330,277
7331,236
7332,201
7333,171
7334,146
7335,125
7336,107
7337,92
7338,169
7339,299
7340,405
7341,496
7342,572
7343,637
7344,692
7345,738
7346,778
7347,812
7348,842
7349,866
7350,887
7351,905
7352,920
7353,789
7354,665
7355,563
7356,477
7357,405
7358,343
7359,292
7360,248
7361,211
7362,180
7363,154
7364,131
7365,112
7366,96
7367,124
7368,261
7369,373
7370,469
7371,548
7372,617
7373,675
7374,724
7375,766
7376,802
7377,832
7378,859
7379,881
7380,900
7381,916
7382,831
7383,701
7384,593
7385,502
7386,426
7387,361
7388,308
7389,261
7390,223
7391,189
7392,161
7393,138
7394,118
7395,101
7396,85
7397,222
7398,340
7399,441
7400,525
7401,597
7402,658
7403,710
7404,754
7405,791
7406,824
7407,851
7408,874
7409,895
7410,911
7411,879
7412,740
7413,626
7414,529
7415,449
7416,381
7417,324
7418,275
7419,234
7420,199
7421,170
7422,145
7423,124
7424,106
7425,91
7426,179
7427,306
7428,411
7429,500
7430,576
7431,640
7432,695
7433,741
7434,781
7435,814
7436,843
7437,867
7438,888
7439,906
7440,918
7441,780
7442,659
7443,558
7444,472
7445,400
7446,340
7447,289
7448,245
7449,209
7450,178
7451,152
7452,130
7453,111
7454,95
7455,133
7456,269
7457,379
7458,474
7459,553
7460,621
7461,678
7462,727
7463,768
7464,804
7465,834
7466,861
7467,883
7468,901
7469,917
7470,823
7471,695
7472,588
7473,497
7474,422
7475,357
7476,304
7477,258
7478,220
7479,187
7480,160
7481,136
7482,116
7483,100
7484,90
7485,230
7486,347
7487,447
7488,530
7489,601
7490,661
7491,713
7492,756
7493,794
7494,825
7495,853
7496,876
7497,896
7498,912
7499,869
7500,731
7501,619
7502,523
7503,444
7504,376
7505,320
7506,271
7507,231
7508,197
7509,168
7510,143
7511,122
7512,105
7513,90
7514,188
7515,313
7516,417
7517,506
7518,580
7519,644
7520,697
7521,744
7522,783
7523,816
7524,845
7525,869
7526,890
7527,908
7528,912
7529,772
7530,651
7531,552
7532,467
7533,396
7534,336
7535,286
7536,243
7537,207
7538,176
7539,151
7540,128
7541,110
7542,94
7543,143
7544,277
7545,386
7546,480
7547,558
7548,625
7549,682
7550,730
7551,771
7552,806
7553,836
7554,862
7555,883
7556,902
7557,918
7558,814
7559,686
7560,581
7561,492
7562,417
7563,354
7564,301
7565,256
7566,218
7567,185
7568,158
7569,135
7570,116
7571,99
7572,97
7573,238
7574,354
7575,452
7576,534
7577,605
7578,665
7579,716
7580,759
7581,796
7582,827
7583,855
7584,877
7585,896
7586,913
7587,860
7588,724
7589,613
7590,518
7591,440
7592,372
7593,317
7594,269
7595,228
7596,195
7597,166
7598,142
7599,121
7600,104
7601,89
7602,196
7603,321
7604,423
7605,511
7606,584
7607,648
7608,701
7609,746
7610,785
7611,818
7612,847
7613,871
7614,891
7615,909
7616,905
7617,763
7618,646
7619,545
7620,463
7621,392
7622,333
7623,283
7624,241
7625,204
7626,174
7627,149
7628,127
7629,109
7630,93
7631,152
7632,284
7633,392
7634,485
7635,563
7636,630
7637,685
7638,733
7639,773
7640,808
7641,838
7642,863
7643,885
7644,904
7645,919
7646,806
7647,680
7648,576
7649,487
7650,413
7651,351
7652,298
7653,253
7654,215
7655,183
7656,157
7657,134
7658,114
7659,98
7660,106
7661,246
7662,360
7663,458
7664,539
7665,610
7666,669
7667,719
7668,761
7669,798
7670,829
7671,856
7672,879
7673,898
7674,914
7675,850
7676,715
7677,606
7678,512
7679,435
7680,368
7681,313
7682,266
7683,226
7684,193
7685,164
7686,140
7687,120
7688,103
7689,89
7690,205
7691,328
7692,429
7693,516
7694,589
7695,651
7696,704
7697,749
7698,788
7699,820
7700,848
7701,872
7702,892
7703,910
7704,895
7705,755
7706,638
7707,540
7708,457
7709,388
7710,329
7711,280
7712,238
7713,203
7714,173
7715,148
7716,126
7717,108
7718,93
7719,161
7720,292
7721,399
7722,490
7723,568
7724,633
7725,689
7726,736
7727,776
7728,810
7729,840
7730,865
7731,886
7732,904
7733,920
7734,797
7735,672
7736,569
7737,482
7738,408
7739,347
7740,294
7741,250
7742,213
7743,181
7744,155
7745,133
7746,113
7747,97
7748,115
7749,254
7750,367
7751,464
7752,544
7753,614
7754,672
7755,722
7756,764
7757,800
7758,831
7759,857
7760,880
7761,899
7762,915
7763,841
7764,708
7765,600
7766,508
7767,430
7768,365
7769,311
7770,264
7771,224
7772,191
7773,162
7774,139
7775,119
7776,101
7777,87
7778,214
7779,334
7780,435
7781,520
7782,593
7783,655
7784,707
7785,751
7786,790
7787,822
7788,850
7789,873
7790,894
7791,911
7792,887
7793,746
7794,632
7795,534
7796,453
7797,384
7798,326
7799,277
7800,236
7801,200
7802,171
7803,146
7804,125
7805,106
7806,91
7807,170
7808,300
7809,406
7810,496
7811,572
7812,637
7813,692
7814,738
7815,778
7816,812
7817,841
7818,866
7819,887
7820,905
7821,921
7822,787
7823,665
7824,563
7825,476
7826,404
7827,343
7828,292
7829,247
7830,211
7831,179
7832,153
7833,131
7834,112
7835,96
7836,125
7837,262
7838,374
7839,470
7840,549
7841,618
7842,676
7843,725
7844,766
7845,802
7846,833
7847,859
7848,881
7849,900
7850,917
7851,830
7852,700
7853,592
7854,501
7855,425
7856,361
7857,307
7858,260
7859,222
7860,189
7861,161
7862,138
7863,118
7864,101
7865,85
7866,223
7867,341
7868,442
7869,525
7870,598
7871,658
7872,710
7873,754
7874,792
7875,824
7876,851
7877,874
7878,895
7879,911
7880,878
7881,739
7882,625
7883,528
7884,448
7885,380
7886,323
7887,274
7888,233
7889,198
7890,170
7891,144
7892,124
7893,106
7894,91
7895,180
7896,306
7897,411
7898,501
7899,576
7900,641
7901,695
7902,741
7903,781
7904,814
7905,843
7906,868
7907,888
7908,907
7909,918
7910,780
7911,658
7912,557
7913,471
7914,400
7915,339
7916,289
7917,245
7918,208
7919,178
7920,152
7921,130
7922,111
7923,95
7924,135
7925,270
7926,381
7927,475
7928,554
7929,622
7930,679
7931,728
7932,769
7933,804
7934,834
7935,861
7936,883
7937,901
7938,917
7939,822
7940,693
7941,586
7942,497
7943,421
7944,357
7945,304
7946,257
7947,220
7948,187
7949,159
7950,136
7951,116
7952,100
7953,92
7954,231
7955,348
7956,447
7957,530
7958,602
7959,662
7960,713
7961,756
7962,794
7963,825
7964,853
7965,876
7966,896
7967,912
7968,868
7969,730
7970,618
7971,523
7972,444
7973,376
7974,320
7975,271
7976,231
7977,197
7978,168
7979,143
7980,122
7981,105
7982,90
7983,190
7984,314
7985,417
7986,506
7987,581
7988,644
7989,698
7990,744
7991,784
7992,816
7993,845
7994,869
7995,890
7996,908
7997,912
7998,770
7999,651
8000,551
8001,466
8002,396
8003,335
8004,286
8005,243
8006,206
8007,176
8008,150
8009,128
8010,110
8011,94
8012,144
8013,278
8014,387
8015,481
8016,558
8017,626
8018,682
8019,731
8020,771
8021,807
8022,837
8023,862
8024,883
8025,902
8026,918
8027,812
8028,686
8029,580
8030,492
8031,416
8032,354
8033,300
8034,256
8035,217
8036,185
8037,158
8038,135
8039,115
8040,99
8041,98
8042,239
8043,354
8044,453
8045,535
8046,606
8047,665
8048,716
8049,759
8050,796
8051,827
8052,854
8053,877
8054,897
8055,914
8056,858
8057,722
8058,612
8059,517
8060,439
8061,371
8062,316
8063,268
8064,228
8065,195
8066,166
8067,142
8068,121
8069,103
8070,89
8071,198
8072,322
8073,424
8074,511
8075,585
8076,648
8077,701
8078,747
8079,785
8080,818
8081,847
8082,871
8083,891
8084,909
8085,904
8086,761
8087,645
8088,544
8089,462
8090,391
8091,333
8092,283
8093,240
8094,204
8095,174
8096,149
8097,127
8098,109
8099,93
8100,153
8101,286
8102,393
8103,486
8104,563
8105,630
8106,685
8107,733
8108,774
8109,809
8110,839
8111,864
8112,885
8113,903
8114,920
8115,804
8116,679
8117,574
8118,487
8119,412
8120,350
8121,297
8122,253
8123,215
8124,183
8125,157
8126,134
8127,114
8128,98
8129,107
8130,247
8131,361
8132,459
8133,540
8134,610
8135,669
8136,719
8137,762
8138,798
8139,829
8140,856
8141,879
8142,898
8143,914
8144,849
8145,715
8146,606
8147,512
8148,435
8149,368
8150,312
8151,266
8152,226
8153,192
8154,164
8155,140
8156,120
8157,103
8158,88
8159,206
8160,328
8161,430
8162,516
8163,589
8164,652
8165,704
8166,750
8167,787
8168,820
8169,848
8170,872
8171,892
8172,910
8173,895
8174,753
8175,638
8176,539
8177,457
8178,387
8179,329
8180,280
8181,238
8182,202
8183,173
8184,147
8185,126
8186,108
8187,92
8188,163
8189,293
8190,400
8191,491
8192,569
8193,633
8194,688
8195,736
8196,776
8197,811
8198,840
8199,865
8200,887
8201,904
8202,920
8203,795
8204,671
8205,568
8206,481
8207,408
8208,346
8209,294
8210,250
8211,213
8212,181
8213,155
8214,132
8215,113
8216,97
8217,117
8218,255
8219,368
8220,465
8221,545
8222,614
8223,672
8224,722
8225,764
8226,800
8227,831
8228,858
8229,880
8230,899
8231,916
8232,839
8233,707
8234,599
8235,506
8236,429
8237,364
8238,309
8239,263
8240,224
8241,191
8242,163
8243,139
8244,119
8245,102
8246,88
8247,214
8248,336
8249,436
8250,521
8251,593
8252,656
8253,707
8254,752
8255,789
8256,823
8257,850
8258,873
8259,893
8260,911
8261,885
8262,746
8263,630
8264,534
8265,452
8266,384
8267,325
8268,277
8269,235
8270,201
8271,171
8272,146
8273,125
8274,107
8275,91
8276,171
8277,300
8278,407
8279,496
8280,572
8281,637
8282,692
8283,738
8284,779
8285,812
8286,842
8287,866
8288,887
8289,905
8290,921
8291,787
8292,664
8293,562
8294,476
8295,404
8296,342
8297,291
8298,247
8299,210
8300,179
8301,153
8302,131
8303,112
8304,96
8305,127
8306,263
8307,375
8308,470
8309,549
8310,618
8311,676
8312,725
8313,767
8314,803
8315,833
8316,859
8317,881
8318,900
8319,916
8320,829
8321,701
8322,593
8323,502
8324,425
8325,361
8326,307
8327,261
8328,222
8329,189
8330,161
8331,138
8332,118
8333,101
8334,86
8335,224
8336,342
8337,442
8338,526
8339,598
8340,659
8341,711
8342,754
8343,792
8344,824
8345,851
8346,875
8347,895
8348,912
8349,877
8350,738
8351,624
8352,528
8353,448
8354,379
8355,322
8356,274
8357,233
8358,198
8359,169
8360,144
8361,124
8362,106
8363,90
8364,181
8365,307
8366,412
8367,501
8368,576
8369,641
8370,695
8371,741
8372,781
8373,815
8374,844
8375,868
8376,889
8377,907
8378,918
8379,777
8380,658
8381,556
8382,472
8383,399
8384,339
8385,288
8386,245
8387,209
8388,177
8389,152
8390,129
8391,111
8392,95
8393,136
8394,271
8395,381
8396,476
8397,554
8398,623
8399,679
8400,728
8401,769
8402,805
8403,835
8404,861
8405,882
8406,901
8407,917
8408,820
8409,692
8410,585
8411,495
8412,420
8413,357
8414,303
8415,257
8416,219
8417,187
8418,159
8419,136
8420,116
8421,100
8422,92
8423,231
8424,349
8425,448
8426,531
8427,602
8428,663
8429,713
8430,757
8431,794
8432,826
8433,853
8434,876
8435,895
8436,913
8437,865
8438,730
8439,616
8440,522
8441,442
8442,376
8443,319
8444,271
8445,230
8446,197
8447,167
8448,143
8449,123
8450,105
8451,90
8452,190
8453,315
8454,419
8455,506
8456,582
8457,645
8458,699
8459,744
8460,783
8461,816
8462,845
8463,869
8464,890
8465,908
8466,911
8467,769
8468,651
8469,550
8470,466
8471,395
8472,336
8473,285
8474,242
8475,206
8476,176
8477,150
8478,128
8479,110
8480,94
8481,145
8482,278
8483,389
8484,480
8485,559
8486,626
8487,682
8488,731
8489,772
8490,807
8491,837
8492,862
8493,884
8494,902
8495,918
8496,811
8497,685
8498,579
8499,491
8500,416
8501,353
8502,300
8503,255
8504,217
8505,185
8506,157
8507,135
8508,115
8509,99
8510,99
8511,240
8512,355
8513,454
8514,536
8515,606
8516,666
8517,717
8518,760
8519,796
8520,828
8521,855
8522,878
8523,897
8524,913
8525,858
8526,721
8527,611
8528,516
8529,439
8530,371
8531,316
8532,268
8533,228
8534,194
8535,166
8536,141
8537,121
8538,103
8539,89
8540,199
8541,323
8542,424
8543,512
8544,585
8545,649
8546,701
8547,747
8548,785
8549,819
8550,846
8551,871
8552,891
8553,909
8554,902
8555,761
8556,643
8557,544
8558,461
8559,391
8560,332
8561,282
8562,240
8563,204
8564,174
8565,149
8566,127
8567,109
8568,93
8569,154
8570,286
8571,394
8572,486
8573,563
8574,630
8575,686
8576,734
8577,774
8578,809
8579,838
8580,864
8581,886
8582,903
8583,919
8584,804
8585,678
8586,574
8587,485
8588,412
8589,349
8590,297
8591,252
8592,215
8593,183
8594,156
8595,133
8596,114
8597,98
8598,109
8599,248
8600,363
8601,460
8602,540
8603,611
8604,670
8605,720
8606,762
8607,799
8608,830
8609,856
8610,879
8611,898
8612,915
8613,847
8614,714
8615,604
8616,511
8617,434
8618,368
8619,312
8620,265
8621,226
8622,192
8623,164
8624,140
8625,120
8626,103
8627,88
8628,207
8629,330
8630,431
8631,517
8632,589
8633,653
8634,705
8635,749
8636,788
8637,820
8638,849
8639,872
8640,893
8641,910
8642,894
8643,752
8644,637
8645,538
8646,457
8647,386
8648,329
8649,279
8650,238
8651,202
8652,172
8653,147
8654,126
8655,107
8656,92
8657,164
8658,294
8659,401
8660,492
8661,568
8662,633
8663,689
8664,736
8665,776
8666,811
8667,840
8668,865
8669,886
8670,905
8671,920
8672,793
8673,671
8674,567
8675,481
8676,407
8677,346
8678,294
8679,250
8680,213
8681,181
8682,154
8683,132
8684,113
8685,97
8686,118
8687,256
8688,369
8689,465
8690,545
8691,614
8692,673
8693,722
8694,765
8695,801
8696,831
8697,858
8698,880
8699,899
8700,915
8701,838
8702,707
8703,598
8704,506
8705,429
8706,364
8707,309
8708,263
8709,224
8710,190
8711,162
8712,138
8713,119
8714,101
8715,87
8716,216
8717,336
8718,437
8719,522
8720,594
8721,656
8722,707
8723,752
8724,790
8725,823
8726,850
8727,874
8728,894
8729,911
8730,883
8731,745
8732,629
8733,533
8734,451
8735,383
8736,325
8737,277
8738,235
8739,200
8740,170
8741,145
8742,124
8743,107
8744,91
8745,173
8746,301
8747,408
8748,497
8749,573
8750,637
8751,693
8752,739
8753,779
8754,813
8755,842
8756,867
8757,888
8758,906
8759,921
8760,786
8761,663
8762,560
8763,476
8764,402
8765,342
8766,290
8767,247
8768,210
8769,179
8770,153
8771,131
8772,112
8773,96
8774,128
8775,265
8776,376
8777,471
8778,550
8779,619
8780,676
8781,726
8782,767
8783,803
8784,833
8785,859
8786,881
8787,901
8788,917
8789,829
8790,699
8791,591
8792,501
8793,424
8794,361
8795,306
8796,260
8797,221
8798,188
8799,161
8800,137
8801,117
8802,100
8803,86
8804,225
8805,343
8806,443
8807,527
8808,599
8809,659
8810,711
8811,755
8812,792
8813,824
8814,852
8815,875
8816,895
8817,912
8818,876
8819,736
8820,624
8821,527
8822,447
8823,379
8824,322
8825,273
8826,233
8827,198
8828,169
8829,144
8830,124
8831,106
8832,90
8833,182
8834,308
8835,413
8836,502
8837,577
8838,642
8839,696
8840,742
8841,781
8842,815
8843,843
8844,868
8845,889
8846,907
8847,917
8848,776
8849,657
8850,555
8851,471
8852,399
8853,339
8854,288
8855,245
8856,208
8857,178
8858,151
8859,130
8860,111
8861,95
8862,137
8863,272
8864,382
8865,476
8866,555
8867,623
8868,679
8869,728
8870,769
8871,805
8872,835
8873,861
8874,883
8875,901
8876,918
8877,820
8878,692
8879,585
8880,496
8881,419
8882,356
8883,303
8884,258
8885,219
8886,187
8887,159
8888,136
8889,116
8890,100
8891,92
8892,233
8893,349
8894,449
8895,531
8896,603
8897,663
8898,714
8899,757
8900,795
8901,826
8902,853
8903,876
8904,896
8905,913
8906,866
8907,728
8908,617
8909,521
8910,442
8911,375
8912,318
8913,270
8914,230
8915,196
8916,167
8917,142
8918,122
8919,104
8920,90
8921,192
8922,316
8923,420
8924,507
8925,582
8926,645
8927,699
8928,744
8929,784
8930,817
8931,846
8932,869
8933,891
8934,908
8935,910
8936,768
8937,650
8938,549
8939,466
8940,394
8941,335
8942,284
8943,242
8944,206
8945,175
8946,150
8947,128
8948,110
8949,94
8950,146
8951,280
8952,388
8953,482
8954,559
8955,626
8956,683
8957,731
8958,772
8959,807
8960,837
8961,862
8962,885
8963,903
8964,918
8965,811
8966,684
8967,579
8968,490
8969,415
8970,352
8971,300
8972,254
8973,217
8974,185
8975,157
8976,134
8977,115
8978,99
8979,101
8980,241
8981,356
8982,455
8983,537
8984,607
8985,667
8986,717
8987,760
8988,797
8989,828
8990,855
8991,878
8992,897
8993,914
8994,857
8995,721
8996,611
8997,516
8998,438
8999,371
9000,316
9001,268
9002,228
9003,194
9004,166
9005,142
9006,121
9007,103
9008,89
9009,200
9010,324
9011,425
9012,513
9013,586
9014,649
9015,702
9016,747
9017,786
9018,819
9019,847
9020,871
9021,891
9022,909
9023,900
9024,760
9025,642
9026,544
9027,460
9028,391
9029,331
9030,282
9031,240
9032,204
9033,174
9034,149
9035,127
9036,109
9037,93
9038,156
9039,287
9040,395
9041,487
9042,564
9043,631
9044,686
9045,734
9046,775
9047,809
9048,839
9049,864
9050,885
9051,904
9052,920
9053,803
9054,677
9055,574
9056,485
9057,411
9058,349
9059,297
9060,252
9061,215
9062,183
9063,156
9064,133
9065,114
9066,97
9067,110
9068,249
9069,363
9070,460
9071,541
9072,611
9073,670
9074,720
9075,762
9076,799
9077,830
9078,857
9079,879
9080,899
9081,915
9082,847
9083,713
9084,603
9085,511
9086,433
9087,367
9088,311
9089,266
9090,226
9091,192
9092,164
9093,140
9094,119
9095,103
9096,87
9097,208
9098,330
9099,431
9100,518
9101,590
9102,653
9103,705
9104,750
9105,788
9106,820
9107,848
9108,872
9109,893
9110,910
9111,893
9112,751
9113,636
9114,537
9115,456
9116,386
9117,328
9118,279
9119,237
9120,202
9121,172
9122,147
9123,125
9124,107
9125,92
9126,165
9127,295
9128,401
9129,493
9130,569
9131,634
9132,690
9133,737
9134,777
9135,811
9136,841
9137,865
9138,887
9139,905
9140,920
9141,793
9142,669
9143,567
9144,479
9145,407
9146,345
9147,294
9148,249
9149,212
9150,181
9151,154
9152,132
9153,113
9154,97
9155,119
9156,258
9157,370
9158,467
9159,546
9160,615
9161,673
9162,723
9163,765
9164,801
9165,831
9166,858
9167,880
9168,899
9169,916
9170,837
9171,705
9172,597
9173,505
9174,427
9175,363
9176,308
9177,262
9178,223
9179,190
9180,162
9181,138
9182,119
9183,101
9184,87
9185,218
9186,336
9187,438
9188,522
9189,595
9190,656
9191,708
9192,752
9193,790
9194,822
9195,850
9196,874
9197,894
9198,911
9199,883
9200,743
9201,629
9202,532
9203,451
9204,382
9205,325
9206,276
9207,235
9208,200
9209,171
9210,145
9211,125
9212,106
9213,92
9214,174
9215,303
9216,409
9217,497
9218,573
9219,638
9220,693
9221,739
9222,779
9223,813
9224,842
9225,867
9226,888
9227,906
9228,921
9229,785
9230,662
9231,560
9232,475
9233,403
9234,342
9235,290
9236,247
9237,210
9238,179
9239,153
9240,131
9241,112
9242,96
9243,128
9244,265
9245,376
9246,472
9247,551
9248,619
9249,676
9250,726
9251,767
9252,803
9253,833
9254,860
9255,881
9256,900
9257,917
9258,828
9259,698
9260,590
9261,500
9262,424
9263,360
9264,305
9265,260
9266,221
9267,188
9268,160
9269,137
9270,117
9271,100
9272,88
9273,226
9274,344
9275,443
9276,528
9277,599
9278,660
9279,711
9280,755
9281,793
9282,825
9283,852
9284,875
9285,895
9286,912
9287,873
9288,737
9289,622
9290,527
9291,446
9292,379
9293,321
9294,274
9295,232
9296,198
9297,168
9298,144
9299,123
9300,105
9301,91
9302,184
9303,310
9304,415
9305,503
9306,578
9307,643
9308,696
9309,743
9310,781
9311,816
9312,844
9313,868
9314,889
9315,907
9316,915
9317,776
9318,655
9319,555
9320,470
9321,398
9322,338
9323,288
9324,244
9325,208
9326,177
9327,152
9328,129
9329,111
9330,95
9331,138
9332,273
9333,383
9334,477
9335,555
9336,623
9337,680
9338,729
9339,769
9340,805
9341,835
9342,861
9343,883
9344,902
9345,918
9346,819
9347,691
9348,584
9349,495
9350,419
9351,356
9352,302
9353,257
9354,218
9355,186
9356,159
9357,136
9358,116
9359,99
9360,94
9361,234
9362,350
9363,450
9364,532
9365,604
9366,663
9367,714
9368,757
9369,795
9370,827
9371,854
9372,877
9373,896
9374,913
9375,864
9376,727
9377,616
9378,520
9379,442
9380,375
9381,318
9382,271
9383,230
9384,196
9385,167
9386,143
9387,122
9388,104
9389,90
9390,193
9391,317
9392,420
9393,507
9394,583
9395,645
9396,699
9397,744
9398,784
9399,816
9400,846
9401,870
9402,891
9403,908
9404,909
9405,767
9406,649
9407,548
9408,465
9409,394
9410,335
9411,284
9412,242
9413,206
9414,175
9415,149
9416,128
9417,109
9418,94
9419,148
9420,281
9421,389
9422,482
9423,560
9424,627
9425,683
9426,731
9427,772
9428,807
9429,837
9430,863
9431,884
9432,903
9433,919
9434,809
9435,683
9436,578
9437,489
9438,415
9439,352
9440,299
9441,255
9442,216
9443,184
9444,157
9445,134
9446,115
9447,98
9448,101
9449,242
9450,357
9451,455
9452,537
9453,608
9454,666
9455,717
9456,760
9457,797
9458,828
9459,855
9460,878
9461,898
9462,914
9463,855
9464,720
9465,609
9466,515
9467,437
9468,370
9469,315
9470,268
9471,227
9472,194
9473,165
9474,141
9475,120
9476,103
9477,88
9478,202
9479,323
9480,427
9481,513
9482,587
9483,649
9484,702
9485,747
9486,786
9487,819
9488,847
9489,871
9490,891
9491,909
9492,900
9493,759
9494,641
9495,543
9496,460
9497,390
9498,331
9499,281
9500,239
9501,204
9502,174
9503,148
9504,126
9505,109
9506,93
9507,157
9508,288
9509,396
9510,488
9511,565
9512,631
9513,687
9514,734
9515,775
9516,810
9517,839
9518,864
9519,886
9520,904
9521,920
9522,801
9523,676
9524,573
9525,484
9526,411
9527,348
9528,296
9529,252
9530,215
9531,183
9532,156
9533,133
9534,114
9535,98
9536,111
9537,251
9538,364
9539,462
9540,542
9541,612
9542,670
9543,720
9544,762
9545,799
9546,830
9547,857
9548,879
9549,899
9550,915
9551,845
9552,712
9553,603
9554,509
9555,433
9556,366
9557,312
9558,265
9559,225
9560,192
9561,163
9562,140
9563,120
9564,102
9565,88
9566,209
9567,331
9568,432
9569,519
9570,591
9571,653
9572,705
9573,750
9574,788
9575,821
9576,848
9577,873
9578,893
9579,910
9580,891
9581,750
9582,635
9583,536
9584,456
9585,386
9586,329
9587,278
9588,238
9589,202
9590,172
9591,147
9592,126
9593,107
9594,92
9595,166
9596,296
9597,402
9598,493
9599,569
9600,635
9601,690
9602,737
9603,777
9604,811
9605,841
9606,866
9607,886
9608,905
9609,920
9610,792
9611,669
9612,566
9613,480
9614,406
9615,345
9616,293
9617,249
9618,212
9619,181
9620,154
9621,132
9622,112
9623,97
9624,120
9625,258
9626,371
9627,467
9628,546
9629,616
9630,673
9631,723
9632,765
9633,801
9634,832
9635,858
9636,880
9637,900
9638,916
9639,836
9640,704
9641,596
9642,504
9643,427
9644,363
9645,308
9646,262
9647,223
9648,190
9649,162
9650,138
9651,118
9652,101
9653,86
9654,219
9655,337
9656,439
9657,523
9658,596
9659,656
9660,709
9661,753
9662,791
9663,823
9664,850
9665,874
9666,894
9667,911
9668,882
9669,742
9670,629
9671,531
9672,451
9673,382
9674,324
9675,275
9676,234
9677,199
9678,170
9679,145
9680,124
9681,106
9682,91
9683,175
9684,304
9685,408
9686,498
9687,574
9688,638
9689,693
9690,739
9691,779
9692,813
9693,842
9694,867
9695,888
9696,906
9697,921
9698,783
9699,662
9700,559
9701,474
9702,402
9703,341
9704,290
9705,247
9706,210
9707,179
9708,152
9709,130
9710,112
9711,95
9712,130
9713,266
9714,377
9715,472
9716,551
9717,620
9718,677
9719,726
9720,768
9721,804
9722,834
9723,860
9724,882
9725,901
9726,917
9727,827
9728,697
9729,589
9730,499
9731,423
9732,359
9733,305
9734,259
9735,221
9736,188
9737,161
9738,137
9739,118
9740,100
9741,88
9742,227
9743,345
9744,444
9745,528
9746,599
9747,660
9748,711
9749,755
9750,793
9751,825
9752,852
9753,875
9754,895
9755,912
9756,872
9757,735
9758,622
9759,526
9760,446
9761,378
9762,321
9763,273
9764,232
9765,198
9766,168
9767,144
9768,123
9769,105
9770,90
9771,185
9772,310
9773,415
9774,504
9775,579
9776,643
9777,696
9778,743
9779,782
9780,815
9781,844
9782,869
9783,889
9784,907
9785,914
9786,774
9787,655
9788,553
9789,470
9790,397
9791,338
9792,287
9793,244
9794,208
9795,177
9796,151
9797,129
9798,110
9799,95
9800,139
9801,274
9802,384
9803,478
9804,556
9805,624
9806,680
9807,729
9808,770
9809,805
9810,836
9811,861
9812,883
9813,902
9814,918
9815,818
9816,690
9817,584
9818,495
9819,419
9820,355
9821,302
9822,256
9823,218
9824,186
9825,159
9826,135
9827,116
9828,99
9829,94
9830,235
9831,351
9832,450
9833,533
9834,604
9835,663
9836,715
9837,758
9838,796
9839,826
9840,854
9841,877
9842,896
9843,913
9844,863
9845,726
9846,615
9847,520
9848,441
9849,374
9850,318
9851,270
9852,230
9853,195
9854,167
9855,142
9856,122
9857,104
9858,89
9859,194
9860,318
9861,421
9862,509
9863,582
9864,646
9865,699
9866,745
9867,784
9868,817
9869,846
9870,870
9871,890
9872,908
9873,908
9874,765
9875,648
9876,548
9877,465
9878,393
9879,334
9880,284
9881,241
9882,206
9883,175
9884,149
9885,128
9886,109
9887,94
9888,149
9889,282
9890,391
9891,483
9892,561
9893,628
9894,684
9895,732
9896,773
9897,808
9898,837
9899,863
9900,884
9901,903
9902,918
9903,809
9904,683
9905,577
9906,489
9907,414
9908,352
9909,299
9910,254
9911,217
9912,184
9913,157
9914,135
9915,115
9916,99
9917,103
9918,244
9919,358
9920,456
9921,537
9922,608
9923,667
9924,718
9925,760
9926,797
9927,828
9928,856
9929,878
9930,897
9931,914
9932,854
9933,719
9934,609
9935,515
9936,437
9937,370
9938,315
9939,267
9940,227
9941,194
9942,165
9943,141
9944,121
9945,103
9946,89
9947,203
9948,324
9949,427
9950,513
9951,587
9952,649
9953,703
9954,748
9955,786
9956,819
9957,847
9958,871
9959,892
9960,909
9961,900
9962,757
9963,641
9964,541
9965,460
9966,389
9967,331
9968,281
9969,240
9970,204
9971,174
9972,148
9973,127
9974,109
9975,93
9976,158
9977,289
9978,396
9979,488
9980,565
9981,632
9982,687
9983,735
9984,775
9985,810
9986,839
9987,864
9988,886
9989,904
9990,920
9991,800
9992,676
9993,571
9994,484
9995,410
9996,348
9997,296
9998,252
9999,214
10000,183
