1,637
2,547
3,463
4,393
5,376
6,479
7,562
8,632
9,689
10,738
11,779
12,814
13,844
14,870
15,848
16,714
17,603
18,510
19,433
20,367
21,312
22,265
23,226
24,193
25,210
26,336
27,439
28,525
29,598
30,660
31,712
32,756
33,794
34,826
35,804
36,676
37,570
38,482
39,408
40,346
41,294
42,250
43,212
44,181
45,206
46,331
47,434
48,521
49,594
50,656
51,708
52,753
53,791
54,824
55,796
56,669
57,565
58,477
59,404
60,343
61,291
62,247
63,210
64,179
65,208
66,334
67,437
68,523
69,596
70,658
71,710
72,754
73,792
74,825
75,792
76,666
77,562
78,475
79,402
80,341
81,289
82,245
83,209
84,178
85,213
86,337
87,439
88,525
89,597
90,659
91,711
92,755
93,793
94,825
95,787
96,662
97,558
98,472
99,399
100,339
101,288
102,244
103,208
104,177
105,217
106,341
107,442
108,528
109,600
110,661
111,713
112,756
113,794
114,826
115,784
116,658
117,555
118,469
119,397
120,337
121,286
122,243
123,207
124,176
125,221
126,345
127,446
128,530
129,602
130,663
131,714
132,758
133,795
134,827
135,779
136,654
137,552
138,466
139,395
140,335
141,285
142,241
143,205
144,175
145,226
146,348
147,448
148,532
149,604
150,664
151,716
152,759
153,796
154,828
155,775
156,651
157,549
158,464
159,393
160,333
161,283
162,240
163,204
164,174
165,230
166,352
167,451
168,536
169,606
170,667
171,717
172,761
173,797
174,828
175,770
176,649
177,547
178,463
179,391
180,332
181,282
182,239
183,204
184,173
185,234
186,355
187,454
188,538
189,608
190,668
191,719
192,762
193,799
194,830
195,766
196,643
197,544
198,459
199,389
200,330
201,280
202,238
203,202
204,172
205,239
206,358
207,457
208,540
209,610
210,670
211,720
212,763
213,799
214,830
215,760
216,640
217,540
218,457
219,387
220,328
221,278
222,236
223,201
224,171
225,243
226,362
227,460
228,542
229,612
230,671
231,721
232,764
233,800
234,832
235,757
236,636
237,537
238,454
239,384
240,326
241,277
242,235
243,200
244,171
245,247
246,366
247,463
248,545
249,615
250,673
251,723
252,765
253,802
254,833
255,753
256,633
257,535
258,453
259,383
260,325
261,276
262,234
263,199
264,170
265,251
266,368
267,465
268,547
269,616
270,675
271,725
272,766
273,803
274,833
275,749
276,630
277,532
278,450
279,381
280,323
281,275
282,233
283,198
284,169
285,255
286,372
287,469
288,550
289,618
290,677
291,726
292,768
293,804
294,834
295,744
296,626
297,528
298,447
299,378
300,321
301,273
302,232
303,197
304,168
305,259
306,375
307,471
308,552
309,620
310,678
311,727
312,769
313,805
314,835
315,740
316,623
317,525
318,445
319,376
320,319
321,271
322,230
323,196
324,167
325,263
326,379
327,475
328,555
329,623
330,680
331,729
332,770
333,806
334,836
335,736
336,619
337,523
338,442
339,375
340,318
341,270
342,229
343,195
344,166
345,269
346,381
347,476
348,557
349,625
350,682
351,730
352,771
353,807
354,837
355,732
356,616
357,520
358,440
359,372
360,316
361,268
362,228
363,194
364,165
365,272
366,385
367,480
368,559
369,627
370,683
371,731
372,773
373,808
374,838
375,728
376,612
377,517
378,438
379,370
380,314
381,267
382,227
383,193
384,164
385,276
386,388
387,482
388,561
389,628
390,685
391,733
392,774
393,809
394,839
395,723
396,609
397,514
398,435
399,368
400,313
401,266
402,225
403,192
404,163
405,280
406,392
407,485
408,564
409,631
410,687
411,734
412,776
413,810
414,839
415,719
416,606
417,512
418,433
419,366
420,311
421,264
422,224
423,191
424,162
425,283
426,395
427,488
428,565
429,632
430,688
431,735
432,776
433,811
434,840
435,715
436,602
437,509
438,431
439,365
440,309
441,263
442,223
443,190
444,161
445,288
446,398
447,491
448,568
449,634
450,690
451,737
452,778
453,812
454,839
455,711
456,599
457,506
458,428
459,363
460,308
461,262
462,222
463,189
464,162
465,292
466,402
467,493
468,571
469,636
470,691
471,739
472,779
473,813
474,836
475,708
476,596
477,503
478,426
479,361
480,306
481,260
482,221
483,188
484,165
485,296
486,405
487,496
488,573
489,639
490,693
491,740
492,780
493,814
494,834
495,703
496,593
497,501
498,424
499,359
500,305
501,259
502,220
503,187
504,168
505,300
506,408
507,498
508,575
509,640
510,695
511,741
512,781
513,814
514,830
515,700
516,590
517,499
518,421
519,357
520,303
521,257
522,219
523,186
524,172
525,303
526,411
527,501
528,577
529,642
530,697
531,743
532,782
533,816
534,827
535,695
536,586
537,495
538,419
539,355
540,301
541,256
542,218
543,185
544,176
545,307
546,414
547,504
548,579
549,644
550,698
551,744
552,783
553,817
554,823
555,691
556,584
557,493
558,418
559,354
560,300
561,255
562,216
563,184
564,180
565,311
566,417
567,507
568,582
569,646
570,700
571,745
572,785
573,818
574,819
575,688
576,580
577,490
578,415
579,352
580,298
581,254
582,215
583,183
584,184
585,315
586,420
587,509
588,584
589,648
590,701
591,747
592,786
593,819
594,815
595,684
596,577
597,488
598,413
599,350
600,297
601,252
602,214
603,183
604,189
605,319
606,423
607,512
608,586
609,649
610,702
611,748
612,787
613,819
614,811
615,680
616,574
617,485
618,410
619,348
620,295
621,251
622,213
623,182
624,194
625,322
626,427
627,514
628,588
629,651
630,704
631,750
632,788
633,821
634,807
635,677
636,571
637,482
638,408
639,346
640,293
641,249
642,212
643,181
644,198
645,325
646,430
647,517
648,590
649,654
650,705
651,751
652,789
653,822
654,802
655,673
656,568
657,480
658,406
659,344
660,292
661,248
662,211
663,180
664,202
665,329
666,433
667,519
668,593
669,655
670,707
671,752
672,790
673,822
674,798
675,669
676,565
677,477
678,404
679,342
680,291
681,247
682,210
683,179
684,208
685,332
686,435
687,521
688,594
689,657
690,709
691,753
692,791
693,824
694,793
695,666
696,561
697,475
698,402
699,341
700,289
701,246
702,209
703,177
704,212
705,337
706,439
707,524
708,597
709,658
710,710
711,755
712,792
713,824
714,789
715,662
716,558
717,472
718,399
719,339
720,288
721,244
722,208
723,177
724,215
725,341
726,441
727,526
728,598
729,660
730,712
731,756
732,794
733,825
734,784
735,659
736,555
737,470
738,398
739,337
740,286
741,243
742,207
743,176
744,220
745,343
746,445
747,529
748,601
749,662
750,714
751,757
752,795
753,827
754,780
755,655
756,552
757,467
758,395
759,335
760,285
761,242
762,206
763,175
764,224
765,347
766,448
767,532
768,603
769,663
770,714
771,758
772,795
773,827
774,775
775,651
776,549
777,465
778,393
779,334
780,283
781,240
782,204
783,174
784,229
785,351
786,451
787,534
788,605
789,666
790,717
791,760
792,797
793,828
794,773
795,649
796,547
797,463
798,392
799,332
800,282
801,240
802,204
803,174
804,233
805,355
806,454
807,537
808,608
809,668
810,718
811,762
812,798
813,829
814,766
815,645
816,544
817,460
818,389
819,330
820,280
821,238
822,202
823,172
824,238
825,358
826,456
827,539
828,610
829,669
830,719
831,762
832,799
833,830
834,762
835,641
836,541
837,457
838,387
839,328
840,279
841,237
842,201
843,171
844,241
845,361
846,459
847,542
848,612
849,671
850,721
851,764
852,800
853,831
854,757
855,638
856,539
857,456
858,386
859,327
860,277
861,235
862,200
863,170
864,246
865,364
866,462
867,544
868,614
869,673
870,722
871,765
872,801
873,832
874,754
875,634
876,535
877,453
878,383
879,325
880,276
881,235
882,200
883,170
884,249
885,367
886,464
887,546
888,615
889,674
890,723
891,766
892,802
893,833
894,750
895,631
896,532
897,451
898,382
899,324
900,275
901,234
902,198
903,169
904,254
905,371
906,468
907,549
908,618
909,676
910,725
911,767
912,803
913,834
914,745
915,627
916,529
917,448
918,379
919,322
920,273
921,232
922,197
923,168
924,258
925,375
926,471
927,551
928,620
929,678
930,727
931,769
932,804
933,835
934,742
935,623
936,526
937,445
938,377
939,320
940,272
941,231
942,197
943,167
944,263
945,378
946,473
947,554
948,622
949,679
950,728
951,770
952,805
953,836
954,737
955,620
956,523
957,443
958,375
959,318
960,270
961,230
962,196
963,166
964,266
965,382
966,476
967,556
968,624
969,681
970,730
971,771
972,807
973,837
974,733
975,617
976,521
977,441
978,373
979,317
980,269
981,228
982,194
983,166
984,272
985,384
986,478
987,558
988,626
989,683
990,731
991,772
992,807
993,837
994,729
995,613
996,518
997,438
998,371
999,315
1000,267
1001,227
1002,193
1003,164
1004,274
1005,388
1006,481
1007,561
1008,628
1009,684
1010,732
1011,773
1012,809
1013,838
1014,725
1015,610
1016,516
1017,436
1018,370
1019,313
1020,267
1021,226
1022,193
1023,164
1024,280
1025,391
1026,484
1027,563
1028,630
1029,686
1030,734
1031,774
1032,810
1033,838
1034,720
1035,607
1036,512
1037,434
1038,367
1039,312
1040,265
1041,225
1042,191
1043,163
1044,282
1045,393
1046,488
1047,565
1048,631
1049,688
1050,735
1051,776
1052,810
1053,839
1054,717
1055,603
1056,510
1057,432
1058,366
1059,310
1060,263
1061,224
1062,190
1063,162
1064,286
1065,397
1066,490
1067,569
1068,633
1069,689
1070,737
1071,777
1072,811
1073,840
1074,713
1075,600
1076,508
1077,429
1078,364
1079,309
1080,262
1081,223
1082,190
1083,162
1084,290
1085,401
1086,492
1087,569
1088,636
1089,690
1090,738
1091,778
1092,812
1093,837
1094,709
1095,597
1096,505
1097,428
1098,362
1099,307
1100,261
1101,221
1102,189
1103,164
1104,295
1105,403
1106,495
1107,572
1108,637
1109,692
1110,740
1111,780
1112,813
1113,834
1114,704
1115,593
1116,502
1117,424
1118,360
1119,305
1120,259
1121,220
1122,188
1123,167
1124,299
1125,406
1126,497
1127,574
1128,639
1129,695
1130,740
1131,781
1132,814
1133,831
1134,700
1135,591
1136,499
1137,422
1138,358
1139,304
1140,258
1141,219
1142,186
1143,172
1144,302
1145,410
1146,500
1147,577
1148,641
1149,696
1150,742
1151,782
1152,816
1153,827
1154,696
1155,587
1156,496
1157,420
1158,356
1159,302
1160,256
1161,218
1162,185
1163,175
1164,306
1165,413
1166,502
1167,579
1168,643
1169,697
1170,744
1171,783
1172,816
1173,823
1174,694
1175,584
1176,495
1177,418
1178,354
1179,301
1180,255
1181,217
1182,185
1183,180
1184,310
1185,416
1186,505
1187,581
1188,645
1189,699
1190,745
1191,784
1192,818
1193,819
1194,690
1195,581
1196,491
1197,416
1198,352
1199,299
1200,254
1201,216
1202,184
1203,183
1204,314
1205,419
1206,508
1207,583
1208,647
1209,700
1210,746
1211,785
1212,819
1213,816
1214,686
1215,577
1216,489
1217,413
1218,351
1219,298
1220,252
1221,215
1222,182
1223,189
1224,317
1225,423
1226,510
1227,586
1228,648
1229,702
1230,748
1231,786
1232,820
1233,811
1234,682
1235,574
1236,486
1237,411
1238,348
1239,296
1240,251
1241,213
1242,182
1243,192
1244,321
1245,425
1246,514
1247,587
1248,651
1249,704
1250,749
1251,787
1252,820
1253,806
1254,678
1255,571
1256,484
1257,409
1258,347
1259,294
1260,250
1261,212
1262,181
1263,197
1264,325
1265,428
1266,516
1267,589
1268,653
1269,705
1270,750
1271,789
1272,822
1273,802
1274,675
1275,568
1276,481
1277,407
1278,345
1279,292
1280,248
1281,212
1282,180
1283,201
1284,329
1285,432
1286,519
1287,591
1288,654
1289,707
1290,751
1291,790
1292,822
1293,798
1294,671
1295,566
1296,479
1297,405
1298,343
1299,291
1300,247
1301,210
1302,179
1303,207
1304,331
1305,434
1306,521
1307,594
1308,656
1309,708
1310,753
1311,791
1312,823
1313,793
1314,667
1315,563
1316,476
1317,403
1318,341
1319,289
1320,246
1321,209
1322,178
1323,211
1324,335
1325,438
1326,524
1327,596
1328,658
1329,710
1330,754
1331,792
1332,824
1333,788
1334,664
1335,560
1336,473
1337,401
1338,339
1339,289
1340,245
1341,208
1342,177
1343,214
1344,339
1345,440
1346,526
1347,598
1348,660
1349,711
1350,755
1351,793
1352,825
1353,784
1354,660
1355,556
1356,471
1357,398
1358,338
1359,287
1360,244
1361,207
1362,176
1363,219
1364,341
1365,443
1366,529
1367,600
1368,661
1369,713
1370,757
1371,795
1372,826
1373,782
1374,656
1375,554
1376,468
1377,397
1378,336
1379,285
1380,242
1381,207
1382,176
1383,223
1384,346
1385,446
1386,531
1387,602
1388,663
1389,714
1390,758
1391,795
1392,827
1393,775
1394,653
1395,550
1396,466
1397,394
1398,334
1399,283
1400,241
1401,205
1402,175
1403,228
1404,350
1405,449
1406,534
1407,604
1408,665
1409,716
1410,760
1411,797
1412,828
1413,772
1414,649
1415,548
1416,463
1417,392
1418,332
1419,283
1420,240
1421,204
1422,174
1423,233
1424,352
1425,452
1426,536
1427,606
1428,667
1429,717
1430,761
1431,797
1432,829
1433,767
1434,646
1435,544
1436,461
1437,390
1438,331
1439,281
1440,239
1441,203
1442,173
1443,236
1444,357
1445,455
1446,539
1447,609
1448,669
1449,719
1450,762
1451,799
1452,830
1453,764
1454,642
1455,541
1456,458
1457,388
1458,329
1459,280
1460,237
1461,202
1462,172
1463,241
1464,360
1465,458
1466,541
1467,611
1468,670
1469,720
1470,763
1471,799
1472,831
1473,758
1474,639
1475,538
1476,456
1477,386
1478,327
1479,278
1480,236
1481,201
1482,171
1483,245
1484,364
1485,461
1486,543
1487,613
1488,672
1489,722
1490,764
1491,801
1492,832
1493,754
1494,634
1495,536
1496,453
1497,384
1498,326
1499,276
1500,235
1501,200
1502,170
1503,249
1504,367
1505,464
1506,546
1507,615
1508,674
1509,723
1510,766
1511,802
1512,833
1513,750
1514,632
1515,533
1516,451
1517,382
1518,324
1519,275
1520,234
1521,199
1522,169
1523,253
1524,370
1525,466
1526,548
1527,617
1528,676
1529,725
1530,767
1531,803
1532,834
1533,745
1534,628
1535,530
1536,448
1537,380
1538,322
1539,273
1540,232
1541,198
1542,168
1543,258
1544,373
1545,469
1546,551
1547,619
1548,677
1549,726
1550,768
1551,804
1552,834
1553,742
1554,624
1555,528
1556,446
1557,378
1558,320
1559,272
1560,231
1561,197
1562,167
1563,262
1564,376
1565,473
1566,552
1567,621
1568,679
1569,728
1570,770
1571,805
1572,836
1573,738
1574,621
1575,525
1576,444
1577,376
1578,318
1579,270
1580,230
1581,196
1582,167
1583,267
1584,380
1585,475
1586,555
1587,623
1588,681
1589,729
1590,771
1591,806
1592,836
1593,733
1594,618
1595,522
1596,442
1597,374
1598,317
1599,270
1600,229
1601,195
1602,166
1603,271
1604,383
1605,478
1606,557
1607,625
1608,683
1609,730
1610,772
1611,807
1612,837
1613,730
1614,614
1615,519
1616,439
1617,372
1618,315
1619,268
1620,228
1621,194
1622,165
1623,275
1624,387
1625,481
1626,560
1627,627
1628,684
1629,732
1630,773
1631,808
1632,838
1633,725
1634,611
1635,517
1636,437
1637,369
1638,314
1639,266
1640,226
1641,192
1642,164
1643,278
1644,389
1645,484
1646,562
1647,629
1648,686
1649,733
1650,774
1651,809
1652,838
1653,721
1654,609
1655,513
1656,435
1657,369
1658,312
1659,265
1660,225
1661,192
1662,164
1663,281
1664,393
1665,487
1666,564
1667,631
1668,687
1669,735
1670,776
1671,810
1672,840
1673,718
1674,605
1675,511
1676,432
1677,366
1678,311
1679,264
1680,224
1681,191
1682,162
1683,285
1684,396
1685,488
1686,567
1687,633
1688,689
1689,736
1690,777
1691,811
1692,840
1693,714
1694,601
1695,508
1696,430
1697,364
1698,309
1699,262
1700,223
1701,190
1702,161
1703,289
1704,400
1705,491
1706,569
1707,636
1708,690
1709,737
1710,778
1711,812
1712,837
1713,710
1714,597
1715,505
1716,427
1717,363
1718,307
1719,261
1720,222
1721,189
1722,163
1723,293
1724,403
1725,494
1726,571
1727,637
1728,692
1729,739
1730,779
1731,813
1732,835
1733,705
1734,595
1735,502
1736,426
1737,361
1738,305
1739,260
1740,221
1741,188
1742,166
1743,297
1744,406
1745,496
1746,574
1747,638
1748,694
1749,740
1750,780
1751,814
1752,831
1753,702
1754,591
1755,500
1756,423
1757,359
1758,304
1759,258
1760,220
1761,187
1762,170
1763,301
1764,410
1765,499
1766,575
1767,641
1768,695
1769,741
1770,781
1771,815
1772,829
1773,697
1774,589
1775,497
1776,421
1777,357
1778,302
1779,257
1780,218
1781,186
1782,174
1783,305
1784,412
1785,502
1786,578
1787,643
1788,697
1789,743
1790,782
1791,816
1792,824
1793,693
1794,585
1795,494
1796,418
1797,354
1798,301
1799,256
1800,217
1801,185
1802,178
1803,308
1804,416
1805,504
1806,581
1807,644
1808,699
1809,745
1810,784
1811,817
1812,822
1813,690
1814,583
1815,491
1816,416
1817,353
1818,300
1819,254
1820,216
1821,184
1822,183
1823,312
1824,419
1825,507
1826,583
1827,646
1828,700
1829,746
1830,785
1831,818
1832,817
1833,686
1834,579
1835,489
1836,414
1837,351
1838,298
1839,253
1840,215
1841,183
1842,187
1843,316
1844,422
1845,510
1846,585
1847,648
1848,702
1849,747
1850,786
1851,819
1852,813
1853,682
1854,576
1855,486
1856,412
1857,349
1858,296
1859,251
1860,214
1861,182
1862,192
1863,320
1864,425
1865,512
1866,587
1867,650
1868,703
1869,748
1870,787
1871,820
1872,808
1873,679
1874,573
1875,484
1876,410
1877,347
1878,294
1879,250
1880,213
1881,181
1882,197
1883,324
1884,428
1885,516
1886,589
1887,652
1888,705
1889,750
1890,789
1891,821
1892,804
1893,675
1894,570
1895,481
1896,408
1897,345
1898,293
1899,249
1900,212
1901,180
1902,201
1903,327
1904,431
1905,517
1906,592
1907,653
1908,707
1909,751
1910,790
1911,822
1912,800
1913,672
1914,567
1915,479
1916,405
1917,344
1918,292
1919,248
1920,210
1921,179
1922,205
1923,332
1924,434
1925,521
1926,594
1927,655
1928,708
1929,752
1930,791
1931,823
1932,795
1933,667
1934,564
1935,476
1936,403
1937,342
1938,290
1939,247
1940,209
1941,178
1942,209
1943,335
1944,436
1945,523
1946,595
1947,658
1948,709
1949,754
1950,791
1951,824
1952,790
1953,665
1954,560
1955,474
1956,401
1957,340
1958,288
1959,245
1960,208
1961,177
1962,213
1963,338
1964,440
1965,526
1966,598
1967,659
1968,711
1969,755
1970,793
1971,825
1972,786
1973,660
1974,558
1975,471
1976,399
1977,338
1978,287
1979,244
1980,208
1981,176
1982,219
1983,341
1984,443
1985,527
1986,600
1987,661
1988,713
1989,756
1990,794
1991,826
1992,782
1993,657
1994,555
1995,469
1996,397
1997,336
1998,286
1999,243
2000,206
2001,176
2002,221
2003,344
2004,445
2005,529
2006,601
2007,662
2008,714
2009,757
2010,795
2011,826
2012,777
2013,653
2014,551
2015,466
2016,395
2017,334
2018,284
2019,241
2020,205
2021,175
2022,228
2023,348
2024,449
2025,532
2026,604
2027,664
2028,716
2029,759
2030,796
2031,827
2032,773
2033,649
2034,549
2035,464
2036,393
2037,333
2038,283
2039,240
2040,204
2041,174
2042,232
2043,352
2044,452
2045,535
2046,607
2047,666
2048,717
2049,760
2050,797
2051,829
2052,769
2053,646
2054,545
2055,462
2056,390
2057,332
2058,281
2059,239
2060,203
2061,173
2062,235
2063,356
2064,454
2065,537
2066,608
2067,668
2068,718
2069,762
2070,798
2071,830
2072,764
2073,643
2074,543
2075,459
2076,389
2077,329
2078,280
2079,238
2080,202
2081,172
2082,240
2083,358
2084,457
2085,540
2086,610
2087,670
2088,720
2089,763
2090,799
2091,831
2092,760
2093,639
2094,539
2095,456
2096,386
2097,328
2098,278
2099,236
2100,201
2101,171
2102,244
2103,363
2104,460
2105,543
2106,612
2107,672
2108,721
2109,764
2110,800
2111,831
2112,755
2113,636
2114,536
2115,454
2116,384
2117,326
2118,276
2119,235
2120,200
2121,170
2122,248
2123,366
2124,463
2125,545
2126,615
2127,673
2128,723
2129,765
2130,802
2131,832
2132,752
2133,632
2134,532
2135,452
2136,383
2137,324
2138,275
2139,234
2140,199
2141,169
2142,252
2143,370
2144,466
2145,548
2146,616
2147,675
2148,724
2149,767
2150,802
2151,834
2152,747
2153,629
2154,531
2155,449
2156,381
2157,323
2158,274
2159,233
2160,198
2161,169
2162,256
2163,373
2164,468
2165,550
2166,618
2167,677
2168,726
2169,768
2170,804
2171,834
2172,742
2173,626
2174,527
2175,447
2176,378
2177,321
2178,272
2179,231
2180,197
2181,168
2182,260
2183,376
2184,471
2185,552
2186,620
2187,679
2188,727
2189,769
2190,804
2191,835
2192,738
2193,623
2194,525
2195,445
2196,376
2197,320
2198,271
2199,231
2200,196
2201,167
2202,265
2203,380
2204,475
2205,555
2206,623
2207,680
2208,729
2209,770
2210,806
2211,836
2212,735
2213,618
2214,523
2215,442
2216,375
2217,317
2218,270
2219,229
2220,195
2221,166
2222,268
2223,382
2224,477
2225,557
2226,624
2227,682
2228,730
2229,772
2230,806
2231,837
2232,730
2233,616
2234,519
2235,440
2236,372
2237,316
2238,268
2239,228
2240,194
2241,165
2242,272
2243,385
2244,480
2245,559
2246,627
2247,683
2248,732
2249,772
2250,808
2251,837
2252,727
2253,611
2254,517
2255,437
2256,371
2257,314
2258,267
2259,227
2260,193
2261,164
2262,277
2263,389
2264,482
2265,562
2266,629
2267,685
2268,733
2269,774
2270,809
2271,838
2272,723
2273,608
2274,514
2275,435
2276,369
2277,312
2278,266
2279,225
2280,193
2281,164
2282,281
2283,393
2284,486
2285,564
2286,630
2287,687
2288,735
2289,775
2290,810
2291,839
2292,719
2293,605
2294,512
2295,432
2296,367
2297,311
2298,264
2299,224
2300,191
2301,162
2302,284
2303,396
2304,489
2305,566
2306,632
2307,688
2308,736
2309,776
2310,811
2311,840
2312,714
2313,602
2314,509
2315,431
2316,364
2317,310
2318,262
2319,224
2320,190
2321,161
2322,288
2323,399
2324,490
2325,569
2326,634
2327,690
2328,737
2329,778
2330,812
2331,838
2332,711
2333,598
2334,506
2335,428
2336,363
2337,308
2338,262
2339,222
2340,189
2341,163
2342,293
2343,401
2344,494
2345,570
2346,636
2347,692
2348,738
2349,778
2350,813
2351,836
2352,706
2353,596
2354,503
2355,426
2356,360
2357,307
2358,260
2359,222
2360,188
2361,166
2362,296
2363,405
2364,496
2365,573
2366,638
2367,693
2368,740
2369,780
2370,814
2371,833
2372,702
2373,593
2374,500
2375,424
2376,358
2377,304
2378,258
2379,220
2380,187
2381,170
2382,300
2383,409
2384,498
2385,576
2386,640
2387,695
2388,741
2389,781
2390,815
2391,830
2392,699
2393,589
2394,498
2395,421
2396,357
2397,304
2398,257
2399,219
2400,186
2401,174
2402,304
2403,412
2404,501
2405,578
2406,642
2407,697
2408,742
2409,782
2410,816
2411,826
2412,694
2413,586
2414,495
2415,419
2416,355
2417,302
2418,256
2419,218
2420,185
2421,178
2422,308
2423,415
2424,504
2425,580
2426,644
2427,698
2428,744
2429,783
2430,817
2431,822
2432,691
2433,582
2434,492
2435,416
2436,353
2437,299
2438,254
2439,217
2440,184
2441,182
2442,311
2443,418
2444,507
2445,582
2446,646
2447,700
2448,746
2449,785
2450,818
2451,818
2452,687
2453,580
2454,489
2455,415
2456,351
2457,298
2458,253
2459,215
2460,183
2461,186
2462,315
2463,421
2464,509
2465,585
2466,647
2467,702
2468,746
2469,786
2470,819
2471,814
2472,683
2473,577
2474,487
2475,411
2476,350
2477,297
2478,252
2479,214
2480,182
2481,190
2482,320
2483,423
2484,512
2485,586
2486,650
2487,702
2488,749
2489,787
2490,820
2491,808
2492,680
2493,573
2494,485
2495,410
2496,348
2497,295
2498,251
2499,213
2500,181
2501,194
2502,323
2503,427
2504,515
2505,588
2506,652
2507,704
2508,750
2509,788
2510,821
2511,804
2512,677
2513,570
2514,482
2515,408
2516,346
2517,293
2518,249
2519,212
2520,181
2521,200
2522,327
2523,430
2524,517
2525,591
2526,654
2527,706
2528,751
2529,789
2530,822
2531,801
2532,672
2533,568
2534,479
2535,406
2536,344
2537,292
2538,248
2539,211
2540,179
2541,205
2542,329
2543,434
2544,519
2545,594
2546,655
2547,708
2548,752
2549,791
2550,823
2551,796
2552,669
2553,565
2554,477
2555,404
2556,342
2557,291
2558,247
2559,210
2560,178
2561,208
2562,334
2563,436
2564,522
2565,595
2566,657
2567,709
2568,753
2569,791
2570,824
2571,791
2572,665
2573,561
2574,475
2575,401
2576,341
2577,289
2578,246
2579,209
2580,178
2581,212
2582,338
2583,439
2584,525
2585,597
2586,659
2587,710
2588,755
2589,792
2590,824
2591,786
2592,662
2593,558
2594,472
2595,400
2596,339
2597,288
2598,245
2599,208
2600,177
2601,217
2602,340
2603,443
2604,527
2605,600
2606,661
2607,712
2608,756
2609,794
2610,826
2611,782
2612,658
2613,555
2614,469
2615,398
2616,336
2617,286
2618,243
2619,206
2620,176
2621,222
2622,344
2623,446
2624,529
2625,602
2626,662
2627,713
2628,758
2629,795
2630,827
2631,778
2632,655
2633,553
2634,467
2635,396
2636,335
2637,285
2638,242
2639,206
2640,175
2641,227
2642,347
2643,448
2644,532
2645,604
2646,665
2647,715
2648,758
2649,796
2650,827
2651,773
2652,651
2653,549
2654,465
2655,393
2656,334
2657,283
2658,241
2659,205
2660,174
2661,231
2662,351
2663,451
2664,534
2665,606
2666,666
2667,717
2668,759
2669,797
2670,828
2671,770
2672,647
2673,547
2674,462
2675,392
2676,331
2677,282
2678,239
2679,204
2680,173
2681,236
2682,355
2683,454
2684,537
2685,608
2686,667
2687,718
2688,762
2689,798
2690,829
2691,766
2692,645
2693,543
2694,459
2695,389
2696,329
2697,280
2698,237
2699,202
2700,172
2701,240
2702,358
2703,458
2704,539
2705,610
2706,669
2707,720
2708,762
2709,800
2710,830
2711,761
2712,640
2713,541
2714,457
2715,387
2716,328
2717,279
2718,236
2719,201
2720,171
2721,244
2722,361
2723,459
2724,542
2725,611
2726,671
2727,721
2728,764
2729,800
2730,831
2731,756
2732,636
2733,537
2734,454
2735,385
2736,326
2737,277
2738,235
2739,201
2740,171
2741,247
2742,364
2743,462
2744,543
2745,614
2746,672
2747,722
2748,765
2749,801
2750,832
2751,752
2752,632
2753,535
2754,452
2755,383
2756,324
2757,276
2758,234
2759,200
2760,169
2761,252
2762,368
2763,466
2764,547
2765,616
2766,674
2767,724
2768,766
2769,802
2770,833
2771,749
2772,629
2773,532
2774,450
2775,381
2776,323
2777,274
2778,233
2779,198
2780,169
2781,257
2782,371
2783,469
2784,549
2785,619
2786,676
2787,726
2788,767
2789,804
2790,834
2791,744
2792,626
2793,529
2794,447
2795,379
2796,321
2797,273
2798,232
2799,197
2800,168
2801,260
2802,374
2803,471
2804,551
2805,620
2806,678
2807,727
2808,768
2809,804
2810,835
2811,740
2812,622
2813,526
2814,445
2815,377
2816,319
2817,271
2818,231
2819,196
2820,167
2821,263
2822,379
2823,473
2824,554
2825,622
2826,680
2827,728
2828,770
2829,806
2830,836
2831,736
2832,619
2833,524
2834,442
2835,375
2836,318
2837,270
2838,229
2839,195
2840,166
2841,269
2842,381
2843,477
2844,556
2845,624
2846,681
2847,730
2848,771
2849,807
2850,837
2851,732
2852,616
2853,521
2854,440
2855,373
2856,316
2857,269
2858,228
2859,194
2860,166
2861,272
2862,385
2863,479
2864,559
2865,626
2866,683
2867,731
2868,772
2869,808
2870,837
2871,728
2872,612
2873,518
2874,438
2875,371
2876,314
2877,267
2878,227
2879,193
2880,164
2881,277
2882,388
2883,482
2884,561
2885,628
2886,685
2887,732
2888,774
2889,808
2890,838
2891,723
2892,610
2893,514
2894,436
2895,369
2896,313
2897,266
2898,226
2899,192
2900,164
2901,280
2902,391
2903,485
2904,563
2905,630
2906,686
2907,734
2908,775
2909,810
2910,839
2911,720
2912,606
2913,512
2914,433
2915,367
2916,311
2917,265
2918,225
2919,191
2920,162
2921,283
2922,395
2923,487
2924,566
2925,632
2926,688
2927,735
2928,776
2929,811
2930,840
2931,716
2932,603
2933,510
2934,431
2935,365
2936,310
2937,263
2938,223
2939,190
2940,161
2941,287
2942,398
2943,490
2944,568
2945,634
2946,690
2947,737
2948,777
2949,812
2950,839
2951,712
2952,599
2953,507
2954,428
2955,363
2956,308
2957,262
2958,222
2959,189
2960,162
2961,291
2962,401
2963,492
2964,570
2965,636
2966,691
2967,738
2968,778
2969,812
2970,837
2971,707
2972,597
2973,504
2974,427
2975,361
2976,307
2977,260
2978,221
2979,188
2980,166
2981,295
2982,405
2983,495
2984,573
2985,637
2986,693
2987,740
2988,780
2989,814
2990,834
2991,704
2992,593
2993,501
2994,425
2995,359
2996,305
2997,259
2998,220
2999,187
3000,169
3001,299
3002,408
3003,498
3004,575
3005,639
3006,695
3007,741
3008,781
3009,815
3010,831
3011,699
3012,590
3013,498
3014,422
3015,357
3016,304
3017,257
3018,219
3019,186
3020,173
3021,303
3022,411
3023,500
3024,578
3025,641
3026,696
3027,742
3028,782
3029,815
3030,826
3031,695
3032,587
3033,495
3034,419
3035,355
3036,302
3037,256
3038,218
3039,185
3040,177
3041,306
3042,414
3043,504
3044,579
3045,643
3046,698
3047,744
3048,783
3049,817
3050,823
3051,692
3052,584
3053,493
3054,417
3055,353
3056,300
3057,255
3058,217
3059,184
3060,181
3061,310
3062,418
3063,506
3064,582
3065,645
3066,700
3067,745
3068,785
3069,818
3070,819
3071,688
3072,579
3073,491
3074,415
3075,352
3076,299
3077,254
3078,216
3079,184
3080,185
3081,314
3082,420
3083,508
3084,584
3085,647
3086,701
3087,747
3088,785
3089,819
3090,814
3091,685
3092,577
3093,488
3094,413
3095,350
3096,297
3097,253
3098,214
3099,183
3100,189
3101,318
3102,423
3103,512
3104,585
3105,649
3106,702
3107,748
3108,786
3109,820
3110,810
3111,681
3112,574
3113,486
3114,410
3115,348
3116,295
3117,251
3118,213
3119,182
3120,194
3121,322
3122,426
3123,514
3124,588
3125,651
3126,704
3127,750
3128,788
3129,821
3130,806
3131,677
3132,572
3133,482
3134,409
3135,346
3136,294
3137,249
3138,212
3139,180
3140,199
3141,325
3142,430
3143,516
3144,591
3145,652
3146,706
3147,750
3148,790
3149,821
3150,802
3151,673
3152,568
3153,480
3154,407
3155,345
3156,293
3157,248
3158,210
3159,179
3160,202
3161,329
3162,432
3163,519
3164,593
3165,654
3166,707
3167,751
3168,790
3169,822
3170,798
3171,669
3172,565
3173,477
3174,404
3175,342
3176,291
3177,247
3178,210
3179,179
3180,208
3181,332
3182,436
3183,521
3184,595
3185,656
3186,709
3187,753
3188,791
3189,823
3190,793
3191,666
3192,562
3193,475
3194,402
3195,341
3196,290
3197,246
3198,209
3199,178
3200,212
3201,336
3202,439
3203,524
3204,597
3205,658
3206,710
3207,754
3208,792
3209,825
3210,789
3211,662
3212,559
3213,472
3214,400
3215,339
3216,288
3217,245
3218,208
3219,177
3220,216
3221,339
3222,442
3223,526
3224,599
3225,660
3226,712
3227,756
3228,793
3229,825
3230,784
3231,660
3232,556
3233,471
3234,398
3235,338
3236,287
3237,244
3238,207
3239,176
3240,221
3241,343
3242,444
3243,530
3244,601
3245,662
3246,713
3247,757
3248,795
3249,826
3250,780
3251,655
3252,553
3253,467
3254,396
3255,335
3256,285
3257,242
3258,206
3259,175
3260,226
3261,346
3262,448
3263,531
3264,603
3265,663
3266,715
3267,758
3268,795
3269,827
3270,774
3271,652
3272,549
3273,465
3274,393
3275,334
3276,283
3277,241
3278,205
3279,175
3280,229
3281,350
3282,451
3283,534
3284,605
3285,665
3286,716
3287,759
3288,797
3289,828
3290,771
3291,649
3292,546
3293,463
3294,391
3295,332
3296,282
3297,240
3298,204
3299,174
3300,233
3301,355
3302,453
3303,537
3304,607
3305,668
3306,717
3307,761
3308,798
3309,829
3310,766
3311,645
3312,544
3313,460
3314,390
3315,331
3316,280
3317,238
3318,202
3319,173
3320,237
3321,358
3322,456
3323,539
3324,609
3325,669
3326,719
3327,763
3328,800
3329,830
3330,762
3331,641
3332,541
3333,457
3334,387
3335,329
3336,279
3337,237
3338,201
3339,172
3340,242
3341,361
3342,459
3343,542
3344,611
3345,671
3346,721
3347,764
3348,800
3349,831
3350,757
3351,638
3352,538
3353,456
3354,385
3355,328
3356,277
3357,236
3358,200
3359,171
3360,245
3361,363
3362,461
3363,543
3364,613
3365,672
3366,722
3367,764
3368,801
3369,831
3370,754
3371,634
3372,535
3373,452
3374,383
3375,325
3376,276
3377,235
3378,200
3379,170
3380,250
3381,368
3382,464
3383,547
3384,615
3385,674
3386,723
3387,766
3388,802
3389,833
3390,749
3391,631
3392,532
3393,451
3394,381
3395,324
3396,274
3397,234
3398,198
3399,169
3400,254
3401,370
3402,468
3403,548
3404,618
3405,675
3406,725
3407,767
3408,803
3409,834
3410,745
3411,627
3412,530
3413,448
3414,379
3415,322
3416,274
3417,232
3418,198
3419,168
3420,258
3421,375
3422,470
3423,551
3424,619
3425,678
3426,726
3427,768
3428,804
3429,834
3430,741
3431,623
3432,527
3433,445
3434,377
3435,320
3436,272
3437,231
3438,197
3439,167
3440,263
3441,377
3442,473
3443,554
3444,622
3445,679
3446,728
3447,770
3448,805
3449,835
3450,737
3451,620
3452,524
3453,443
3454,376
3455,318
3456,270
3457,230
3458,196
3459,166
3460,268
3461,381
3462,477
3463,555
3464,624
3465,681
3466,730
3467,771
3468,807
3469,836
3470,733
3471,617
3472,521
3473,441
3474,374
3475,317
3476,269
3477,228
3478,195
3479,165
3480,272
3481,384
3482,479
3483,558
3484,626
3485,682
3486,731
3487,772
3488,807
3489,837
3490,729
3491,613
3492,518
3493,438
3494,372
3495,316
3496,268
3497,227
3498,193
3499,164
3500,275
3501,387
3502,481
3503,560
3504,627
3505,684
3506,732
3507,773
3508,808
3509,838
3510,725
3511,610
3512,516
3513,436
3514,369
3515,314
3516,266
3517,227
3518,192
3519,165
3520,279
3521,390
3522,484
3523,562
3524,630
3525,686
3526,734
3527,775
3528,809
3529,839
3530,720
3531,607
3532,512
3533,434
3534,367
3535,312
3536,264
3537,225
3538,191
3539,163
3540,283
3541,393
3542,487
3543,565
3544,631
3545,688
3546,735
3547,775
3548,811
3549,839
3550,716
3551,604
3552,510
3553,432
3554,365
3555,310
3556,263
3557,224
3558,190
3559,162
3560,287
3561,397
3562,490
3563,567
3564,633
3565,689
3566,736
3567,777
3568,811
3569,840
3570,712
3571,601
3572,507
3573,429
3574,363
3575,309
3576,262
3577,223
3578,189
3579,162
3580,290
3581,401
3582,492
3583,570
3584,636
3585,691
3586,738
3587,778
3588,812
3589,837
3590,708
3591,598
3592,504
3593,428
3594,361
3595,308
3596,261
3597,222
3598,189
3599,164
3600,295
3601,403
3602,495
3603,572
3604,637
3605,693
3606,739
3607,779
3608,814
3609,835
3610,704
3611,594
3612,502
3613,425
3614,359
3615,306
3616,259
3617,220
3618,188
3619,169
3620,298
3621,407
3622,497
3623,575
3624,639
3625,695
3626,741
3627,781
3628,814
3629,831
3630,701
3631,591
3632,499
3633,422
3634,358
3635,304
3636,258
3637,219
3638,187
3639,171
3640,303
3641,409
3642,500
3643,576
3644,641
3645,695
3646,742
3647,781
3648,815
3649,827
3650,697
3651,587
3652,497
3653,420
3654,356
3655,302
3656,257
3657,218
3658,186
3659,176
3660,306
3661,412
3662,503
3663,578
3664,643
3665,697
3666,743
3667,782
3668,816
3669,823
3670,691
3671,584
3672,493
3673,418
3674,354
3675,300
3676,255
3677,217
3678,185
3679,180
3680,310
3681,416
3682,506
3683,581
3684,645
3685,699
3686,745
3687,784
3688,818
3689,819
3690,690
3691,581
3692,492
3693,415
3694,352
3695,299
3696,254
3697,216
3698,184
3699,184
3700,314
3701,419
3702,509
3703,583
3704,647
3705,700
3706,747
3707,785
3708,819
3709,815
3710,686
3711,578
3712,487
3713,414
3714,351
3715,298
3716,253
3717,215
3718,183
3719,189
3720,317
3721,423
3722,510
3723,585
3724,648
3725,702
3726,747
3727,786
3728,819
3729,812
3730,681
3731,575
3732,486
3733,412
3734,348
3735,296
3736,251
3737,214
3738,182
3739,194
3740,320
3741,426
3742,513
3743,588
3744,650
3745,704
3746,748
3747,788
3748,820
3749,808
3750,678
3751,572
3752,483
3753,410
3754,347
3755,294
3756,250
3757,212
3758,181
3759,197
3760,324
3761,429
3762,515
3763,590
3764,652
3765,706
3766,750
3767,788
3768,821
3769,803
3770,674
3771,569
3772,480
3773,407
3774,345
3775,293
3776,249
3777,212
3778,180
3779,203
3780,328
3781,432
3782,518
3783,592
3784,654
3785,707
3786,751
3787,790
3788,822
3789,798
3790,671
3791,566
3792,478
3793,405
3794,343
3795,292
3796,247
3797,211
3798,179
3799,207
3800,332
3801,435
3802,521
3803,594
3804,656
3805,708
3806,752
3807,791
3808,823
3809,794
3810,666
3811,563
3812,475
3813,403
3814,341
3815,290
3816,246
3817,209
3818,178
3819,211
3820,335
3821,438
3822,523
3823,596
3824,657
3825,710
3826,754
3827,792
3828,824
3829,790
3830,663
3831,560
3832,473
3833,401
3834,339
3835,289
3836,245
3837,208
3838,177
3839,216
3840,340
3841,440
3842,526
3843,598
3844,660
3845,711
3846,755
3847,793
3848,825
3849,784
3850,660
3851,556
3852,471
3853,398
3854,338
3855,287
3856,244
3857,207
3858,177
3859,220
3860,342
3861,445
3862,528
3863,601
3864,661
3865,713
3866,756
3867,794
3868,826
3869,781
3870,656
3871,554
3872,468
3873,396
3874,336
3875,285
3876,243
3877,206
3878,175
3879,224
3880,345
3881,447
3882,530
3883,602
3884,663
3885,714
3886,758
3887,795
3888,827
3889,775
3890,653
3891,550
3892,466
3893,394
3894,334
3895,284
3896,241
3897,205
3898,175
3899,228
3900,350
3901,449
3902,534
3903,604
3904,665
3905,716
3906,759
3907,796
3908,828
3909,771
3910,650
3911,547
3912,464
3913,392
3914,333
3915,282
3916,240
3917,204
3918,174
3919,232
3920,353
3921,452
3922,536
3923,606
3924,667
3925,717
3926,760
3927,797
3928,829
3929,767
3930,645
3931,544
3932,461
3933,390
3934,331
3935,281
3936,239
3937,203
3938,173
3939,236
3940,357
3941,455
3942,538
3943,608
3944,669
3945,718
3946,762
3947,798
3948,830
3949,762
3950,642
3951,541
3952,459
3953,388
3954,329
3955,279
3956,237
3957,202
3958,172
3959,241
3960,360
3961,458
3962,541
3963,610
3964,670
3965,720
3966,763
3967,800
3968,831
3969,759
3970,639
3971,539
3972,456
3973,386
3974,327
3975,278
3976,236
3977,201
3978,171
3979,246
3980,363
3981,461
3982,543
3983,614
3984,672
3985,722
3986,764
3987,800
3988,831
3989,755
3990,635
3991,536
3992,454
3993,385
3994,326
3995,277
3996,235
3997,200
3998,170
3999,249
4000,367
4001,464
4002,546
4003,615
4004,674
4005,723
4006,766
4007,802
4008,832
4009,750
4010,632
4011,533
4012,451
4013,382
4014,324
4015,275
4016,234
4017,199
4018,170
4019,255
4020,369
4021,467
4022,548
4023,617
4024,675
4025,725
4026,767
4027,803
4028,833
4029,746
4030,627
4031,530
4032,448
4033,380
4034,322
4035,274
4036,232
4037,198
4038,168
4039,258
4040,373
4041,470
4042,550
4043,619
4044,677
4045,726
4046,768
4047,804
4048,834
4049,742
4050,624
4051,528
4052,446
4053,378
4054,321
4055,272
4056,231
4057,197
4058,167
4059,263
4060,376
4061,473
4062,552
4063,621
4064,678
4065,728
4066,769
4067,805
4068,835
4069,738
4070,621
4071,525
4072,444
4073,376
4074,319
4075,272
4076,230
4077,196
4078,167
4079,266
4080,380
4081,476
4082,555
4083,623
4084,680
4085,729
4086,771
4087,806
4088,836
4089,734
4090,617
4091,522
4092,441
4093,374
4094,317
4095,269
4096,229
4097,195
4098,166
4099,270
4100,384
4101,479
4102,558
4103,625
4104,683
4105,730
4106,772
4107,807
4108,837
4109,729
4110,615
4111,519
4112,439
4113,372
4114,316
4115,268
4116,227
4117,194
4118,165
4119,274
4120,386
4121,480
4122,560
4123,627
4124,684
4125,732
4126,773
4127,808
4128,838
4129,726
4130,611
4131,517
4132,437
4133,370
4134,314
4135,267
4136,226
4137,193
4138,164
4139,279
4140,389
4141,483
4142,562
4143,629
4144,685
4145,733
4146,774
4147,809
4148,838
4149,722
4150,607
4151,514
4152,434
4153,369
4154,312
4155,265
4156,225
4157,192
4158,163
4159,282
4160,393
4161,486
4162,564
4163,631
4164,687
4165,735
4166,775
4167,810
4168,839
4169,718
4170,604
4171,511
4172,432
4173,366
4174,311
4175,264
4176,225
4177,191
4178,162
4179,285
4180,397
4181,489
4182,567
4183,633
4184,689
4185,737
4186,777
4187,811
4188,840
4189,713
4190,602
4191,507
4192,430
4193,365
4194,309
4195,262
4196,223
4197,190
4198,161
4199,289
4200,400
4201,491
4202,569
4203,635
4204,691
4205,737
4206,778
4207,812
4208,837
4209,710
4210,597
4211,505
4212,427
4213,362
4214,307
4215,261
4216,222
4217,189
4218,163
4219,294
4220,402
4221,494
4222,571
4223,637
4224,693
4225,739
4226,779
4227,813
4228,836
4229,705
4230,594
4231,503
4232,425
4233,361
4234,306
4235,260
4236,221
4237,188
4238,166
4239,298
4240,406
4241,496
4242,574
4243,639
4244,694
4245,740
4246,780
4247,814
4248,832
4249,702
4250,592
4251,500
4252,423
4253,359
4254,304
4255,258
4256,220
4257,187
4258,170
4259,301
4260,410
4261,499
4262,576
4263,640
4264,695
4265,741
4266,782
4267,815
4268,829
4269,698
4270,589
4271,497
4272,421
4273,356
4274,303
4275,257
4276,218
4277,186
4278,175
4279,304
4280,412
4281,502
4282,579
4283,642
4284,697
4285,743
4286,783
4287,816
4288,825
4289,693
4290,585
4291,494
4292,419
4293,354
4294,301
4295,255
4296,217
4297,185
4298,179
4299,308
4300,415
4301,504
4302,581
4303,644
4304,699
4305,744
4306,784
4307,817
4308,821
4309,690
4310,581
4311,492
4312,416
4313,353
4314,299
4315,254
4316,216
4317,184
4318,183
4319,312
4320,419
4321,507
4322,583
4323,646
4324,700
4325,746
4326,785
4327,818
4328,817
4329,686
4330,579
4331,489
4332,414
4333,351
4334,298
4335,253
4336,215
4337,183
4338,188
4339,316
4340,422
4341,510
4342,585
4343,648
4344,702
4345,747
4346,786
4347,819
4348,813
4349,682
4350,576
4351,486
4352,411
4353,349
4354,296
4355,252
4356,214
4357,182
4358,191
4359,320
4360,424
4361,513
4362,587
4363,650
4364,703
4365,749
4366,787
4367,820
4368,807
4369,679
4370,572
4371,484
4372,409
4373,348
4374,294
4375,250
4376,213
4377,181
4378,196
4379,324
4380,427
4381,515
4382,589
4383,652
4384,706
4385,750
4386,788
4387,821
4388,803
4389,676
4390,569
4391,482
4392,407
4393,346
4394,293
4395,249
4396,212
4397,180
4398,201
4399,327
4400,431
4401,517
4402,591
4403,653
4404,706
4405,751
4406,790
4407,822
4408,800
4409,671
4410,567
4411,479
4412,406
4413,344
4414,292
4415,248
4416,211
4417,179
4418,206
4419,330
4420,434
4421,520
4422,594
4423,655
4424,708
4425,752
4426,791
4427,823
4428,795
4429,668
4430,564
4431,476
4432,403
4433,342
4434,290
4435,246
4436,210
4437,178
4438,209
4439,334
4440,436
4441,522
4442,595
4443,657
4444,709
4445,754
4446,792
4447,824
4448,791
4449,664
4450,561
4451,474
4452,401
4453,340
4454,288
4455,245
4456,208
4457,177
4458,213
4459,338
4460,440
4461,525
4462,597
4463,659
4464,711
4465,755
4466,793
4467,825
4468,785
4469,661
4470,557
4471,472
4472,399
4473,339
4474,287
4475,244
4476,207
4477,177
4478,218
4479,343
4480,444
4481,527
4482,600
4483,661
4484,713
4485,756
4486,794
4487,825
4488,782
4489,657
4490,555
4491,469
4492,397
4493,337
4494,286
4495,243
4496,206
4497,176
4498,222
4499,345
4500,445
4501,531
4502,602
4503,663
4504,714
4505,758
4506,795
4507,827
4508,776
4509,654
4510,551
4511,467
4512,394
4513,335
4514,284
4515,242
4516,205
4517,175
4518,227
4519,349
4520,448
4521,533
4522,604
4523,665
4524,716
4525,759
4526,796
4527,828
4528,774
4529,649
4530,549
4531,464
4532,393
4533,333
4534,283
4535,240
4536,204
4537,174
4538,231
4539,352
4540,451
4541,535
4542,606
4543,666
4544,717
4545,760
4546,798
4547,829
4548,768
4549,647
4550,545
4551,462
4552,390
4553,332
4554,281
4555,239
4556,203
4557,173
4558,235
4559,356
4560,454
4561,538
4562,608
4563,668
4564,718
4565,762
4566,799
4567,830
4568,764
4569,643
4570,543
4571,459
4572,389
4573,330
4574,280
4575,238
4576,203
4577,172
4578,240
4579,359
4580,457
4581,541
4582,610
4583,670
4584,720
4585,763
4586,799
4587,831
4588,760
4589,640
4590,540
4591,457
4592,386
4593,328
4594,278
4595,237
4596,201
4597,171
4598,244
4599,363
4600,460
4601,543
4602,612
4603,672
4604,721
4605,764
4606,800
4607,831
4608,755
4609,635
4610,536
4611,454
4612,384
4613,326
4614,277
4615,235
4616,200
4617,170
4618,247
4619,365
4620,462
4621,544
4622,614
4623,673
4624,723
4625,765
4626,801
4627,832
4628,752
4629,632
4630,534
4631,451
4632,383
4633,324
4634,276
4635,234
4636,199
4637,169
4638,253
4639,369
4640,466
4641,547
4642,616
4643,675
4644,724
4645,766
4646,802
4647,833
4648,747
4649,629
4650,531
4651,449
4652,381
4653,323
4654,274
4655,233
4656,198
4657,169
4658,256
4659,373
4660,468
4661,550
4662,618
4663,677
4664,725
4665,768
4666,804
4667,834
4668,743
4669,625
4670,528
4671,447
4672,379
4673,321
4674,273
4675,231
4676,197
4677,168
4678,261
4679,375
4680,472
4681,552
4682,621
4683,678
4684,727
4685,769
4686,805
4687,835
4688,739
4689,622
4690,525
4691,444
4692,377
4693,319
4694,270
4695,230
4696,196
4697,167
4698,266
4699,379
4700,474
4701,555
4702,622
4703,680
4704,729
4705,770
4706,806
4707,836
4708,734
4709,619
4710,522
4711,443
4712,374
4713,318
4714,269
4715,229
4716,195
4717,166
4718,269
4719,383
4720,477
4721,557
4722,624
4723,682
4724,730
4725,772
4726,807
4727,837
4728,730
4729,616
4730,520
4731,440
4732,372
4733,316
4734,269
4735,228
4736,194
4737,165
4738,272
4739,385
4740,480
4741,559
4742,627
4743,683
4744,732
4745,772
4746,808
4747,837
4748,727
4749,611
4750,517
4751,437
4752,371
4753,314
4754,267
4755,227
4756,193
4757,164
4758,277
4759,389
4760,482
4761,562
4762,628
4763,685
4764,733
4765,774
4766,809
4767,838
4768,723
4769,608
4770,514
4771,435
4772,368
4773,312
4774,265
4775,225
4776,192
4777,164
4778,280
4779,393
4780,486
4781,564
4782,630
4783,687
4784,735
4785,775
4786,810
4787,839
4788,718
4789,606
4790,511
4791,433
4792,366
4793,311
4794,264
4795,224
4796,191
4797,162
4798,285
4799,395
4800,488
4801,566
4802,633
4803,688
4804,736
4805,776
4806,811
4807,840
4808,714
4809,603
4810,509
4811,431
4812,365
4813,310
4814,263
4815,223
4816,190
4817,161
4818,288
4819,399
4820,490
4821,569
4822,635
4823,690
4824,737
4825,778
4826,812
4827,837
4828,711
4829,598
4830,506
4831,428
4832,363
4833,308
4834,261
4835,222
4836,189
4837,163
4838,293
4839,401
4840,494
4841,570
4842,636
4843,691
4844,739
4845,779
4846,813
4847,835
4848,707
4849,595
4850,503
4851,426
4852,361
4853,306
4854,260
4855,221
4856,188
4857,166
4858,297
4859,405
4860,496
4861,573
4862,638
4863,694
4864,740
4865,780
4866,814
4867,833
4868,703
4869,593
4870,500
4871,424
4872,359
4873,305
4874,258
4875,220
4876,187
4877,170
4878,300
4879,408
4880,498
4881,575
4882,641
4883,695
4884,741
4885,781
4886,815
4887,829
4888,699
4889,589
4890,498
4891,422
4892,357
4893,303
4894,257
4895,219
4896,186
4897,173
4898,305
4899,411
4900,502
4901,577
4902,642
4903,696
4904,743
4905,782
4906,816
4907,825
4908,695
4909,585
4910,495
4911,419
4912,355
4913,302
4914,256
4915,218
4916,185
4917,178
4918,307
4919,415
4920,504
4921,580
4922,644
4923,698
4924,744
4925,783
4926,817
4927,821
4928,691
4929,583
4930,493
4931,416
4932,353
4933,300
4934,255
4935,216
4936,185
4937,181
4938,312
4939,417
4940,507
4941,582
4942,646
4943,700
4944,745
4945,785
4946,818
4947,817
4948,688
4949,579
4950,489
4951,415
4952,352
4953,298
4954,254
4955,215
4956,183
4957,187
4958,315
4959,421
4960,509
4961,584
4962,647
4963,702
4964,747
4965,786
4966,819
4967,813
4968,684
4969,576
4970,488
4971,413
4972,350
4973,297
4974,252
4975,214
4976,182
4977,190
4978,320
4979,423
4980,512
4981,586
4982,650
4983,703
4984,748
4985,787
4986,820
4987,808
4988,680
4989,573
4990,485
4991,410
4992,348
4993,295
4994,251
4995,213
4996,182
4997,196
4998,323
4999,427
5000,515
5001,588
5002,652
5003,704
5004,749
5005,788
5006,821
5007,805
5008,676
5009,571
5010,482
5011,408
5012,346
5013,293
5014,249
5015,212
5016,180
5017,200
5018,326
5019,430
5020,517
5021,591
5022,653
5023,706
5024,751
5025,789
5026,822
5027,801
5028,672
5029,568
5030,479
5031,406
5032,344
5033,292
5034,248
5035,211
5036,179
5037,203
5038,329
5039,433
5040,519
5041,593
5042,655
5043,708
5044,752
5045,790
5046,823
5047,796
5048,669
5049,564
5050,477
5051,404
5052,342
5053,291
5054,247
5055,210
5056,179
5057,209
5058,333
5059,436
5060,522
5061,595
5062,657
5063,709
5064,753
5065,792
5066,823
5067,792
5068,665
5069,561
5070,474
5071,402
5072,340
5073,289
5074,245
5075,209
5076,178
5077,213
5078,339
5079,439
5080,525
5081,597
5082,659
5083,711
5084,754
5085,793
5086,824
5087,788
5088,661
5089,559
5090,472
5091,399
5092,339
5093,288
5094,244
5095,208
5096,177
5097,218
5098,340
5099,442
5100,527
5101,599
5102,661
5103,712
5104,756
5105,794
5106,826
5107,784
5108,658
5109,556
5110,469
5111,398
5112,337
5113,286
5114,243
5115,207
5116,176
5117,221
5118,342
5119,444
5120,530
5121,601
5122,662
5123,713
5124,758
5125,795
5126,826
5127,779
5128,656
5129,553
5130,467
5131,396
5132,336
5133,285
5134,242
5135,206
5136,175
5137,226
5138,348
5139,448
5140,532
5141,603
5142,665
5143,715
5144,759
5145,796
5146,827
5147,773
5148,651
5149,549
5150,465
5151,393
5152,334
5153,283
5154,241
5155,205
5156,174
5157,231
5158,351
5159,451
5160,534
5161,606
5162,666
5163,717
5164,760
5165,797
5166,828
5167,770
5168,647
5169,546
5170,462
5171,391
5172,331
5173,282
5174,239
5175,204
5176,173
5177,235
5178,354
5179,455
5180,537
5181,608
5182,668
5183,718
5184,761
5185,798
5186,829
5187,766
5188,643
5189,543
5190,459
5191,389
5192,330
5193,280
5194,238
5195,202
5196,172
5197,239
5198,358
5199,457
5200,539
5201,610
5202,669
5203,719
5204,762
5205,799
5206,830
5207,761
5208,640
5209,540
5210,457
5211,387
5212,329
5213,279
5214,236
5215,201
5216,171
5217,244
5218,361
5219,460
5220,541
5221,612
5222,671
5223,721
5224,764
5225,800
5226,831
5227,757
5228,636
5229,538
5230,454
5231,385
5232,326
5233,277
5234,235
5235,200
5236,170
5237,248
5238,364
5239,463
5240,544
5241,614
5242,672
5243,723
5244,765
5245,801
5246,832
5247,752
5248,633
5249,534
5250,452
5251,383
5252,324
5253,275
5254,234
5255,199
5256,170
5257,253
5258,368
5259,466
5260,547
5261,616
5262,675
5263,724
5264,766
5265,803
5266,833
5267,749
5268,629
5269,532
5270,450
5271,381
5272,323
5273,274
5274,233
5275,198
5276,169
5277,256
5278,371
5279,468
5280,549
5281,619
5282,676
5283,726
5284,767
5285,804
5286,834
5287,744
5288,626
5289,529
5290,447
5291,378
5292,322
5293,273
5294,232
5295,197
5296,168
5297,259
5298,375
5299,471
5300,552
5301,620
5302,678
5303,727
5304,769
5305,804
5306,835
5307,739
5308,623
5309,525
5310,445
5311,377
5312,320
5313,271
5314,231
5315,196
5316,167
5317,263
5318,379
5319,473
5320,554
5321,622
5322,680
5323,728
5324,770
5325,805
5326,836
5327,735
5328,620
5329,523
5330,443
5331,375
5332,319
5333,270
5334,229
5335,195
5336,166
5337,269
5338,382
5339,477
5340,556
5341,624
5342,681
5343,730
5344,771
5345,807
5346,836
5347,732
5348,616
5349,521
5350,440
5351,373
5352,316
5353,269
5354,228
5355,194
5356,165
5357,272
5358,384
5359,480
5360,558
5361,626
5362,683
5363,732
5364,772
5365,808
5366,837
5367,728
5368,613
5369,518
5370,438
5371,371
5372,315
5373,267
5374,227
5375,193
5376,164
5377,275
5378,388
5379,482
5380,561
5381,628
5382,685
5383,732
5384,774
5385,808
5386,838
5387,724
5388,609
5389,515
5390,435
5391,369
5392,314
5393,265
5394,226
5395,192
5396,164
5397,280
5398,391
5399,485
5400,563
5401,630
5402,686
5403,734
5404,775
5405,810
5406,838
5407,719
5408,606
5409,512
5410,433
5411,367
5412,312
5413,264
5414,225
5415,191
5416,163
5417,284
5418,394
5419,488
5420,566
5421,632
5422,688
5423,736
5424,776
5425,811
5426,840
5427,716
5428,602
5429,510
5430,431
5431,365
5432,309
5433,263
5434,223
5435,190
5436,161
5437,287
5438,398
5439,490
5440,568
5441,634
5442,690
5443,737
5444,777
5445,811
5446,839
5447,712
5448,599
5449,507
5450,429
5451,363
5452,308
5453,262
5454,222
5455,189
5456,163
5457,291
5458,401
5459,492
5460,570
5461,635
5462,691
5463,738
5464,778
5465,812
5466,836
5467,707
5468,597
5469,503
5470,427
5471,361
5472,307
5473,260
5474,221
5475,188
5476,166
5477,295
5478,404
5479,495
5480,573
5481,637
5482,693
5483,739
5484,780
5485,814
5486,834
5487,703
5488,593
5489,501
5490,425
5491,359
5492,306
5493,259
5494,220
5495,187
5496,169
5497,299
5498,408
5499,498
5500,575
5501,640
5502,695
5503,741
5504,781
5505,815
5506,831
5507,700
5508,590
5509,499
5510,421
5511,358
5512,303
5513,258
5514,219
5515,187
5516,172
5517,303
5518,410
5519,501
5520,576
5521,642
5522,696
5523,742
5524,782
5525,816
5526,826
5527,696
5528,587
5529,496
5530,419
5531,356
5532,302
5533,256
5534,218
5535,185
5536,176
5537,307
5538,413
5539,504
5540,579
5541,644
5542,697
5543,744
5544,783
5545,817
5546,822
5547,691
5548,583
5549,493
5550,417
5551,353
5552,300
5553,255
5554,216
5555,185
5556,180
5557,311
5558,416
5559,506
5560,581
5561,645
5562,699
5563,745
5564,785
5565,817
5566,819
5567,688
5568,581
5569,490
5570,416
5571,351
5572,299
5573,254
5574,216
5575,183
5576,186
5577,314
5578,420
5579,509
5580,584
5581,647
5582,701
5583,747
5584,786
5585,819
5586,815
5587,684
5588,578
5589,487
5590,412
5591,350
5592,297
5593,252
5594,214
5595,182
5596,190
5597,318
5598,424
5599,511
5600,586
5601,649
5602,703
5603,748
5604,787
5605,819
5606,810
5607,681
5608,574
5609,485
5610,411
5611,348
5612,296
5613,251
5614,213
5615,181
5616,194
5617,321
5618,427
5619,513
5620,588
5621,650
5622,704
5623,749
5624,788
5625,820
5626,806
5627,676
5628,571
5629,482
5630,409
5631,346
5632,294
5633,250
5634,213
5635,181
5636,199
5637,326
5638,430
5639,516
5640,590
5641,653
5642,705
5643,750
5644,789
5645,821
5646,802
5647,673
5648,568
5649,480
5650,407
5651,344
5652,293
5653,248
5654,211
5655,180
5656,204
5657,329
5658,433
5659,519
5660,592
5661,655
5662,707
5663,752
5664,790
5665,822
5666,797
5667,669
5668,565
5669,477
5670,404
5671,342
5672,291
5673,247
5674,210
5675,179
5676,207
5677,332
5678,435
5679,521
5680,594
5681,657
5682,708
5683,753
5684,791
5685,824
5686,792
5687,667
5688,562
5689,476
5690,402
5691,341
5692,289
5693,246
5694,209
5695,178
5696,211
5697,336
5698,438
5699,524
5700,596
5701,658
5702,710
5703,755
5704,792
5705,825
5706,787
5707,663
5708,558
5709,473
5710,400
5711,339
5712,288
5713,245
5714,208
5715,177
5716,216
5717,340
5718,442
5719,527
5720,599
5721,660
5722,712
5723,756
5724,793
5725,825
5726,783
5727,659
5728,555
5729,470
5730,398
5731,337
5732,286
5733,244
5734,207
5735,177
5736,221
5737,344
5738,444
5739,529
5740,601
5741,662
5742,713
5743,757
5744,794
5745,826
5746,779
5747,656
5748,552
5749,468
5750,395
5751,336
5752,285
5753,242
5754,206
5755,175
5756,224
5757,347
5758,446
5759,532
5760,603
5761,663
5762,715
5763,758
5764,796
5765,827
5766,775
5767,651
5768,550
5769,465
5770,394
5771,334
5772,284
5773,241
5774,205
5775,174
5776,230
5777,351
5778,450
5779,533
5780,605
5781,665
5782,716
5783,759
5784,797
5785,828
5786,771
5787,648
5788,547
5789,462
5790,392
5791,332
5792,282
5793,239
5794,204
5795,173
5796,234
5797,353
5798,453
5799,536
5800,607
5801,667
5802,718
5803,761
5804,798
5805,829
5806,766
5807,645
5808,544
5809,460
5810,390
5811,330
5812,281
5813,238
5814,203
5815,172
5816,239
5817,357
5818,456
5819,539
5820,610
5821,669
5822,720
5823,762
5824,799
5825,830
5826,762
5827,640
5828,541
5829,457
5830,388
5831,328
5832,279
5833,237
5834,202
5835,172
5836,242
5837,360
5838,459
5839,541
5840,612
5841,670
5842,721
5843,763
5844,800
5845,831
5846,757
5847,637
5848,538
5849,455
5850,385
5851,327
5852,278
5853,236
5854,201
5855,171
5856,247
5857,363
5858,462
5859,543
5860,613
5861,672
5862,722
5863,765
5864,801
5865,832
5866,754
5867,634
5868,536
5869,453
5870,384
5871,325
5872,276
5873,234
5874,200
5875,170
5876,250
5877,368
5878,464
5879,546
5880,615
5881,674
5882,723
5883,766
5884,802
5885,833
5886,748
5887,631
5888,532
5889,450
5890,381
5891,323
5892,274
5893,234
5894,198
5895,169
5896,255
5897,371
5898,468
5899,549
5900,617
5901,676
5902,725
5903,767
5904,803
5905,834
5906,744
5907,628
5908,529
5909,448
5910,379
5911,322
5912,273
5913,232
5914,197
5915,168
5916,258
5917,375
5918,470
5919,552
5920,619
5921,678
5922,726
5923,769
5924,804
5925,835
5926,740
5927,624
5928,526
5929,446
5930,377
5931,320
5932,272
5933,231
5934,196
5935,167
5936,262
5937,378
5938,473
5939,554
5940,621
5941,679
5942,728
5943,770
5944,805
5945,835
5946,737
5947,620
5948,524
5949,443
5950,376
5951,318
5952,271
5953,230
5954,196
5955,166
5956,268
5957,381
5958,476
5959,555
5960,624
5961,680
5962,729
5963,771
5964,806
5965,836
5966,733
5967,617
5968,521
5969,441
5970,374
5971,317
5972,269
5973,228
5974,194
5975,166
5976,271
5977,384
5978,478
5979,558
5980,626
5981,682
5982,731
5983,772
5984,807
5985,837
5986,729
5987,613
5988,519
5989,438
5990,372
5991,315
5992,268
5993,227
5994,194
5995,165
5996,275
5997,387
5998,482
5999,560
6000,628
6001,684
6002,732
6003,773
6004,808
6005,838
6006,725
6007,610
6008,516
6009,436
6010,370
6011,313
6012,266
6013,226
6014,193
6015,164
6016,281
6017,390
6018,484
6019,562
6020,629
6021,686
6022,734
6023,774
6024,809
6025,838
6026,720
6027,607
6028,512
6029,434
6030,367
6031,312
6032,265
6033,225
6034,191
6035,163
6036,283
6037,393
6038,487
6039,565
6040,632
6041,687
6042,735
6043,775
6044,810
6045,839
6046,716
6047,604
6048,510
6049,432
6050,365
6051,311
6052,263
6053,224
6054,190
6055,162
6056,287
6057,397
6058,490
6059,568
6060,634
6061,689
6062,737
6063,777
6064,811
6065,840
6066,712
6067,601
6068,507
6069,430
6070,363
6071,309
6072,262
6073,223
6074,189
6075,162
6076,290
6077,401
6078,492
6079,570
6080,635
6081,691
6082,737
6083,778
6084,812
6085,837
6086,708
6087,598
6088,504
6089,427
6090,362
6091,307
6092,260
6093,222
6094,188
6095,165
6096,294
6097,404
6098,494
6099,572
6100,637
6101,692
6102,740
6103,779
6104,813
6105,835
6106,705
6107,594
6108,501
6109,425
6110,360
6111,306
6112,259
6113,221
6114,188
6115,168
6116,298
6117,407
6118,497
6119,574
6120,639
6121,694
6122,740
6123,781
6124,814
6125,831
6126,700
6127,591
6128,499
6129,423
6130,358
6131,304
6132,258
6133,219
6134,187
6135,172
6136,302
6137,410
6138,500
6139,576
6140,641
6141,696
6142,742
6143,782
6144,816
6145,828
6146,697
6147,588
6148,497
6149,420
6150,356
6151,302
6152,257
6153,218
6154,186
6155,176
6156,305
6157,413
6158,502
6159,579
6160,643
6161,697
6162,743
6163,783
6164,816
6165,824
6166,692
6167,584
6168,493
6169,418
6170,354
6171,301
6172,255
6173,218
6174,184
6175,180
6176,310
6177,416
6178,505
6179,581
6180,645
6181,699
6182,745
6183,784
6184,817
6185,820
6186,689
6187,580
6188,491
6189,415
6190,352
6191,299
6192,254
6193,216
6194,183
6195,184
6196,313
6197,420
6198,508
6199,583
6200,646
6201,701
6202,747
6203,785
6204,818
6205,815
6206,686
6207,578
6208,489
6209,413
6210,351
6211,298
6212,253
6213,215
6214,183
6215,188
6216,318
6217,422
6218,511
6219,585
6220,649
6221,702
6222,747
6223,786
6224,819
6225,810
6226,682
6227,575
6228,486
6229,411
6230,348
6231,296
6232,251
6233,214
6234,182
6235,192
6236,321
6237,425
6238,513
6239,587
6240,651
6241,703
6242,749
6243,787
6244,821
6245,806
6246,678
6247,571
6248,484
6249,409
6250,347
6251,294
6252,250
6253,212
6254,182
6255,197
6256,325
6257,428
6258,516
6259,590
6260,652
6261,705
6262,750
6263,789
6264,821
6265,802
6266,675
6267,568
6268,481
6269,407
6270,345
6271,292
6272,248
6273,212
6274,180
6275,203
6276,328
6277,432
6278,519
6279,591
6280,655
6281,706
6282,752
6283,789
6284,823
6285,798
6286,671
6287,566
6288,478
6289,405
6290,343
6291,291
6292,248
6293,210
6294,179
6295,206
6296,332
6297,434
6298,522
6299,594
6300,656
6301,708
6302,753
6303,790
6304,823
6305,793
6306,667
6307,562
6308,476
6309,402
6310,342
6311,290
6312,246
6313,209
6314,178
6315,211
6316,336
6317,438
6318,524
6319,596
6320,658
6321,710
6322,754
6323,792
6324,824
6325,788
6326,664
6327,559
6328,474
6329,400
6330,339
6331,288
6332,245
6333,208
6334,177
6335,216
6336,339
6337,441
6338,526
6339,598
6340,660
6341,711
6342,755
6343,793
6344,825
6345,785
6346,659
6347,557
6348,470
6349,399
6350,337
6351,287
6352,243
6353,207
6354,176
6355,220
6356,342
6357,444
6358,529
6359,600
6360,662
6361,713
6362,757
6363,794
6364,826
6365,782
6366,657
6367,555
6368,469
6369,397
6370,336
6371,286
6372,243
6373,207
6374,176
6375,224
6376,347
6377,446
6378,531
6379,602
6380,664
6381,714
6382,758
6383,795
6384,827
6385,775
6386,653
6387,550
6388,466
6389,394
6390,335
6391,284
6392,241
6393,205
6394,175
6395,228
6396,350
6397,449
6398,533
6399,604
6400,665
6401,716
6402,759
6403,796
6404,828
6405,772
6406,649
6407,548
6408,463
6409,392
6410,332
6411,282
6412,240
6413,205
6414,174
6415,233
6416,353
6417,452
6418,536
6419,607
6420,667
6421,717
6422,761
6423,798
6424,829
6425,767
6426,646
6427,545
6428,461
6429,390
6430,331
6431,281
6432,238
6433,203
6434,173
6435,236
6436,357
6437,455
6438,539
6439,608
6440,669
6441,719
6442,762
6443,799
6444,829
6445,763
6446,642
6447,542
6448,458
6449,388
6450,329
6451,280
6452,237
6453,202
6454,172
6455,242
6456,359
6457,459
6458,540
6459,611
6460,670
6461,721
6462,763
6463,800
6464,831
6465,759
6466,638
6467,539
6468,456
6469,386
6470,327
6471,278
6472,236
6473,201
6474,171
6475,245
6476,362
6477,461
6478,542
6479,612
6480,671
6481,721
6482,764
6483,800
6484,831
6485,754
6486,636
6487,536
6488,454
6489,384
6490,325
6491,276
6492,235
6493,200
6494,170
6495,250
6496,367
6497,464
6498,546
6499,615
6500,674
6501,724
6502,766
6503,801
6504,832
6505,749
6506,632
6507,533
6508,452
6509,382
6510,324
6511,275
6512,234
6513,198
6514,169
6515,253
6516,371
6517,466
6518,549
6519,617
6520,675
6521,724
6522,767
6523,803
6524,834
6525,746
6526,628
6527,530
6528,448
6529,380
6530,322
6531,274
6532,233
6533,198
6534,168
6535,258
6536,373
6537,470
6538,550
6539,619
6540,677
6541,726
6542,768
6543,804
6544,834
6545,742
6546,624
6547,528
6548,446
6549,378
6550,320
6551,272
6552,231
6553,197
6554,167
6555,262
6556,376
6557,473
6558,552
6559,621
6560,679
6561,728
6562,769
6563,805
6564,835
6565,738
6566,621
6567,525
6568,443
6569,376
6570,319
6571,270
6572,230
6573,196
6574,167
6575,266
6576,380
6577,476
6578,555
6579,623
6580,680
6581,729
6582,770
6583,806
6584,836
6585,734
6586,618
6587,522
6588,441
6589,374
6590,317
6591,270
6592,229
6593,195
6594,166
6595,270
6596,383
6597,478
6598,557
6599,626
6600,682
6601,730
6602,771
6603,807
6604,837
6605,730
6606,614
6607,519
6608,439
6609,372
6610,316
6611,268
6612,228
6613,194
6614,165
6615,274
6616,387
6617,481
6618,560
6619,627
6620,684
6621,732
6622,773
6623,808
6624,837
6625,726
6626,611
6627,517
6628,436
6629,370
6630,314
6631,267
6632,226
6633,193
6634,164
6635,278
6636,390
6637,483
6638,562
6639,628
6640,686
6641,733
6642,774
6643,809
6644,838
6645,722
6646,607
6647,514
6648,434
6649,369
6650,312
6651,266
6652,225
6653,192
6654,163
6655,282
6656,393
6657,487
6658,565
6659,631
6660,687
6661,735
6662,776
6663,810
6664,839
6665,718
6666,604
6667,511
6668,432
6669,366
6670,311
6671,264
6672,224
6673,191
6674,162
6675,286
6676,396
6677,489
6678,566
6679,633
6680,688
6681,736
6682,776
6683,811
6684,840
6685,713
6686,602
6687,508
6688,430
6689,364
6690,309
6691,262
6692,223
6693,190
6694,161
6695,290
6696,399
6697,492
6698,569
6699,636
6700,690
6701,738
6702,778
6703,812
6704,837
6705,710
6706,597
6707,506
6708,427
6709,362
6710,307
6711,261
6712,222
6713,189
6714,163
6715,294
6716,402
6717,494
6718,571
6719,637
6720,691
6721,739
6722,779
6723,813
6724,835
6725,706
6726,594
6727,503
6728,425
6729,361
6730,306
6731,260
6732,221
6733,189
6734,167
6735,298
6736,405
6737,497
6738,574
6739,638
6740,694
6741,740
6742,780
6743,814
6744,831
6745,701
6746,591
6747,499
6748,424
6749,358
6750,304
6751,258
6752,220
6753,186
6754,171
6755,301
6756,410
6757,499
6758,576
6759,640
6760,696
6761,741
6762,782
6763,815
6764,829
6765,697
6766,589
6767,497
6768,421
6769,356
6770,303
6771,257
6772,218
6773,186
6774,175
6775,305
6776,413
6777,502
6778,578
6779,642
6780,697
6781,743
6782,782
6783,816
6784,824
6785,694
6786,585
6787,494
6788,418
6789,354
6790,301
6791,256
6792,217
6793,186
6794,178
6795,309
6796,415
6797,505
6798,580
6799,644
6800,698
6801,744
6802,783
6803,817
6804,820
6805,691
6806,582
6807,492
6808,416
6809,354
6810,299
6811,255
6812,216
6813,185
6814,182
6815,313
6816,418
6817,508
6818,582
6819,646
6820,700
6821,746
6822,785
6823,818
6824,816
6825,687
6826,578
6827,488
6828,414
6829,351
6830,298
6831,253
6832,215
6833,183
6834,188
6835,316
6836,422
6837,509
6838,585
6839,648
6840,702
6841,747
6842,786
6843,819
6844,813
6845,683
6846,576
6847,487
6848,412
6849,349
6850,297
6851,252
6852,214
6853,182
6854,192
6855,319
6856,425
6857,512
6858,587
6859,650
6860,703
6861,748
6862,787
6863,820
6864,808
6865,678
6866,573
6867,484
6868,410
6869,347
6870,294
6871,250
6872,213
6873,181
6874,196
6875,323
6876,428
6877,515
6878,589
6879,651
6880,705
6881,749
6882,788
6883,821
6884,804
6885,675
6886,570
6887,481
6888,408
6889,345
6890,294
6891,249
6892,212
6893,180
6894,202
6895,327
6896,431
6897,517
6898,591
6899,653
6900,706
6901,751
6902,789
6903,822
6904,800
6905,671
6906,567
6907,479
6908,406
6909,343
6910,292
6911,248
6912,210
6913,180
6914,206
6915,332
6916,434
6917,521
6918,594
6919,655
6920,708
6921,752
6922,791
6923,823
6924,795
6925,667
6926,564
6927,476
6928,403
6929,341
6930,291
6931,246
6932,210
6933,178
6934,210
6935,334
6936,437
6937,522
6938,596
6939,657
6940,709
6941,754
6942,792
6943,824
6944,791
6945,664
6946,561
6947,474
6948,401
6949,340
6950,289
6951,245
6952,209
6953,177
6954,215
6955,339
6956,440
6957,526
6958,598
6959,659
6960,711
6961,755
6962,793
6963,824
6964,786
6965,660
6966,558
6967,471
6968,400
6969,338
6970,287
6971,245
6972,207
6973,177
6974,218
6975,342
6976,443
6977,528
6978,600
6979,661
6980,712
6981,756
6982,793
6983,826
6984,781
6985,657
6986,554
6987,469
6988,396
6989,337
6990,285
6991,243
6992,206
6993,176
6994,221
6995,345
6996,445
6997,530
6998,602
6999,662
7000,714
7001,758
7002,795
7003,827
7004,776
7005,654
7006,551
7007,466
7008,394
7009,335
7010,284
7011,242
7012,205
7013,175
7014,227
7015,349
7016,448
7017,533
7018,604
7019,665
7020,715
7021,759
7022,796
7023,828
7024,772
7025,650
7026,548
7027,464
7028,392
7029,333
7030,283
7031,240
7032,204
7033,174
7034,231
7035,352
7036,451
7037,535
7038,606
7039,666
7040,717
7041,760
7042,797
7043,828
7044,768
7045,646
7046,545
7047,463
7048,390
7049,332
7050,281
7051,240
7052,203
7053,174
7054,236
7055,356
7056,454
7057,538
7058,608
7059,668
7060,718
7061,762
7062,798
7063,830
7064,763
7065,643
7066,542
7067,459
7068,388
7069,330
7070,280
7071,238
7072,202
7073,172
7074,240
7075,360
7076,457
7077,541
7078,610
7079,670
7080,720
7081,763
7082,799
7083,831
7084,761
7085,640
7086,540
7087,457
7088,388
7089,328
7090,279
7091,236
7092,201
7093,171
7094,244
7095,361
7096,460
7097,542
7098,612
7099,671
7100,721
7101,764
7102,800
7103,831
7104,756
7105,636
7106,538
7107,454
7108,385
7109,326
7110,277
7111,236
7112,201
7113,170
7114,248
7115,366
7116,463
7117,545
7118,614
7119,673
7120,723
7121,765
7122,801
7123,832
7124,752
7125,632
7126,533
7127,452
7128,382
7129,324
7130,275
7131,234
7132,200
7133,170
7134,253
7135,369
7136,466
7137,547
7138,617
7139,675
7140,725
7141,766
7142,802
7143,833
7144,748
7145,628
7146,531
7147,449
7148,381
7149,322
7150,274
7151,233
7152,198
7153,169
7154,257
7155,372
7156,470
7157,549
7158,619
7159,676
7160,726
7161,767
7162,804
7163,834
7164,743
7165,625
7166,528
7167,446
7168,377
7169,321
7170,273
7171,232
7172,197
7173,168
7174,261
7175,376
7176,471
7177,552
7178,620
7179,678
7180,727
7181,769
7182,804
7183,835
7184,739
7185,622
7186,526
7187,444
7188,377
7189,319
7190,272
7191,230
7192,196
7193,167
7194,266
7195,379
7196,475
7197,554
7198,623
7199,680
7200,729
7201,770
7202,806
7203,835
7204,735
7205,618
7206,523
7207,442
7208,375
7209,318
7210,270
7211,229
7212,195
7213,166
7214,269
7215,382
7216,477
7217,557
7218,624
7219,682
7220,730
7221,771
7222,807
7223,837
7224,730
7225,616
7226,519
7227,440
7228,372
7229,316
7230,268
7231,228
7232,194
7233,165
7234,273
7235,386
7236,480
7237,560
7238,626
7239,684
7240,731
7241,773
7242,808
7243,838
7244,726
7245,612
7246,516
7247,438
7248,370
7249,315
7250,266
7251,227
7252,193
7253,164
7254,278
7255,389
7256,484
7257,562
7258,629
7259,685
7260,733
7261,774
7262,808
7263,838
7264,723
7265,608
7266,514
7267,435
7268,369
7269,313
7270,266
7271,225
7272,192
7273,164
7274,280
7275,393
7276,485
7277,564
7278,630
7279,687
7280,734
7281,775
7282,809
7283,839
7284,719
7285,605
7286,512
7287,432
7288,367
7289,311
7290,265
7291,225
7292,192
7293,162
7294,285
7295,396
7296,489
7297,566
7298,632
7299,688
7300,735
7301,776
7302,811
7303,840
7304,714
7305,602
7306,508
7307,431
7308,364
7309,310
7310,262
7311,223
7312,190
7313,161
7314,288
7315,399
7316,490
7317,569
7318,634
7319,690
7320,737
7321,778
7322,812
7323,838
7324,711
7325,599
7326,506
7327,428
7328,363
7329,308
7330,262
7331,222
7332,189
7333,163
7334,293
7335,401
7336,494
7337,570
7338,637
7339,692
7340,739
7341,779
7342,813
7343,836
7344,707
7345,595
7346,504
7347,425
7348,361
7349,306
7350,261
7351,221
7352,188
7353,165
7354,297
7355,404
7356,496
7357,573
7358,638
7359,693
7360,740
7361,779
7362,814
7363,832
7364,703
7365,592
7366,501
7367,423
7368,360
7369,304
7370,259
7371,220
7372,188
7373,170
7374,300
7375,408
7376,499
7377,575
7378,640
7379,695
7380,741
7381,781
7382,815
7383,829
7384,698
7385,589
7386,498
7387,421
7388,357
7389,303
7390,257
7391,219
7392,186
7393,173
7394,305
7395,411
7396,502
7397,577
7398,642
7399,696
7400,743
7401,782
7402,816
7403,825
7404,695
7405,585
7406,496
7407,419
7408,355
7409,301
7410,256
7411,217
7412,185
7413,177
7414,308
7415,414
7416,504
7417,579
7418,644
7419,698
7420,744
7421,783
7422,817
7423,821
7424,690
7425,583
7426,493
7427,417
7428,354
7429,300
7430,255
7431,217
7432,184
7433,182
7434,311
7435,418
7436,506
7437,582
7438,645
7439,700
7440,745
7441,784
7442,818
7443,817
7444,688
7445,580
7446,490
7447,414
7448,352
7449,298
7450,254
7451,215
7452,184
7453,186
7454,316
7455,420
7456,510
7457,584
7458,648
7459,701
7460,747
7461,786
7462,819
7463,813
7464,684
7465,576
7466,488
7467,412
7468,349
7469,297
7470,252
7471,214
7472,183
7473,192
7474,319
7475,425
7476,512
7477,587
7478,649
7479,703
7480,748
7481,787
7482,820
7483,808
7484,680
7485,573
7486,485
7487,410
7488,348
7489,295
7490,251
7491,213
7492,181
7493,195
7494,323
7495,427
7496,515
7497,588
7498,651
7499,704
7500,750
7501,788
7502,821
7503,804
7504,677
7505,570
7506,482
7507,408
7508,346
7509,293
7510,249
7511,212
7512,180
7513,199
7514,325
7515,429
7516,517
7517,590
7518,653
7519,705
7520,751
7521,789
7522,822
7523,799
7524,673
7525,567
7526,480
7527,406
7528,345
7529,292
7530,249
7531,211
7532,180
7533,204
7534,330
7535,433
7536,520
7537,592
7538,655
7539,707
7540,752
7541,790
7542,822
7543,795
7544,669
7545,564
7546,477
7547,404
7548,342
7549,290
7550,247
7551,210
7552,178
7553,208
7554,333
7555,435
7556,522
7557,595
7558,657
7559,709
7560,753
7561,791
7562,824
7563,791
7564,666
7565,561
7566,475
7567,401
7568,341
7569,289
7570,246
7571,208
7572,178
7573,212
7574,338
7575,439
7576,525
7577,597
7578,659
7579,710
7580,755
7581,792
7582,825
7583,786
7584,662
7585,558
7586,472
7587,399
7588,339
7589,287
7590,244
7591,207
7592,177
7593,217
7594,341
7595,443
7596,528
7597,599
7598,661
7599,712
7600,756
7601,794
7602,825
7603,782
7604,659
7605,555
7606,470
7607,397
7608,338
7609,286
7610,243
7611,207
7612,176
7613,222
7614,344
7615,445
7616,529
7617,601
7618,662
7619,714
7620,757
7621,795
7622,826
7623,779
7624,654
7625,553
7626,467
7627,395
7628,335
7629,285
7630,242
7631,206
7632,175
7633,227
7634,347
7635,449
7636,532
7637,604
7638,664
7639,715
7640,759
7641,796
7642,827
7643,774
7644,651
7645,550
7646,464
7647,393
7648,333
7649,283
7650,240
7651,205
7652,174
7653,230
7654,352
7655,450
7656,535
7657,605
7658,666
7659,716
7660,760
7661,797
7662,829
7663,770
7664,647
7665,547
7666,462
7667,392
7668,331
7669,282
7670,239
7671,204
7672,173
7673,235
7674,354
7675,454
7676,537
7677,608
7678,667
7679,718
7680,761
7681,798
7682,830
7683,765
7684,644
7685,543
7686,459
7687,390
7688,330
7689,280
7690,238
7691,202
7692,172
7693,240
7694,358
7695,457
7696,539
7697,610
7698,669
7699,720
7700,762
7701,799
7702,830
7703,761
7704,640
7705,541
7706,457
7707,387
7708,328
7709,279
7710,237
7711,202
7712,172
7713,245
7714,361
7715,460
7716,542
7717,612
7718,671
7719,722
7720,764
7721,800
7722,831
7723,756
7724,636
7725,537
7726,454
7727,385
7728,326
7729,278
7730,235
7731,200
7732,170
7733,248
7734,364
7735,463
7736,544
7737,614
7738,673
7739,722
7740,765
7741,801
7742,832
7743,752
7744,633
7745,535
7746,452
7747,383
7748,325
7749,276
7750,234
7751,199
7752,170
7753,252
7754,368
7755,466
7756,546
7757,616
7758,674
7759,724
7760,766
7761,802
7762,832
7763,749
7764,629
7765,532
7766,451
7767,382
7768,323
7769,275
7770,234
7771,199
7772,169
7773,256
7774,371
7775,469
7776,549
7777,618
7778,676
7779,725
7780,767
7781,803
7782,834
7783,744
7784,626
7785,529
7786,447
7787,379
7788,321
7789,273
7790,232
7791,197
7792,169
7793,260
7794,374
7795,472
7796,551
7797,620
7798,678
7799,727
7800,768
7801,805
7802,835
7803,740
7804,622
7805,526
7806,445
7807,377
7808,320
7809,271
7810,231
7811,196
7812,167
7813,263
7814,379
7815,473
7816,554
7817,622
7818,680
7819,728
7820,770
7821,805
7822,836
7823,736
7824,619
7825,523
7826,442
7827,375
7828,318
7829,270
7830,229
7831,195
7832,166
7833,269
7834,381
7835,477
7836,556
7837,624
7838,681
7839,730
7840,771
7841,806
7842,837
7843,732
7844,616
7845,521
7846,440
7847,374
7848,316
7849,269
7850,228
7851,194
7852,165
7853,272
7854,384
7855,479
7856,558
7857,626
7858,683
7859,731
7860,772
7861,807
7862,837
7863,728
7864,612
7865,518
7866,438
7867,371
7868,315
7869,267
7870,227
7871,193
7872,165
7873,277
7874,388
7875,483
7876,561
7877,628
7878,684
7879,733
7880,773
7881,809
7882,838
7883,723
7884,610
7885,514
7886,436
7887,369
7888,313
7889,266
7890,226
7891,192
7892,164
7893,281
7894,393
7895,485
7896,563
7897,630
7898,686
7899,734
7900,774
7901,810
7902,838
7903,719
7904,607
7905,512
7906,434
7907,367
7908,312
7909,264
7910,225
7911,191
7912,163
7913,284
7914,394
7915,488
7916,565
7917,632
7918,688
7919,735
7920,776
7921,810
7922,839
7923,715
7924,603
7925,509
7926,432
7927,365
7928,310
7929,263
7930,224
7931,190
7932,162
7933,288
7934,398
7935,490
7936,569
7937,634
7938,690
7939,737
7940,777
7941,811
7942,838
7943,712
7944,599
7945,507
7946,428
7947,363
7948,308
7949,262
7950,223
7951,190
7952,163
7953,291
7954,401
7955,492
7956,571
7957,636
7958,691
7959,738
7960,779
7961,812
7962,837
7963,707
7964,597
7965,504
7966,427
7967,361
7968,307
7969,261
7970,222
7971,188
7972,166
7973,295
7974,405
7975,495
7976,573
7977,638
7978,693
7979,740
7980,779
7981,814
7982,834
7983,704
7984,594
7985,501
7986,425
7987,359
7988,305
7989,259
7990,221
7991,187
7992,169
7993,298
7994,408
7995,497
7996,575
7997,640
7998,694
7999,741
8000,781
8001,814
8002,830
8003,699
8004,590
8005,498
8006,422
8007,357
8008,304
8009,257
8010,219
8011,186
8012,173
8013,303
8014,411
8015,501
8016,577
8017,641
8018,696
8019,742
8020,782
8021,815
8022,826
8023,696
8024,586
8025,496
8026,420
8027,355
8028,302
8029,257
8030,218
8031,186
8032,177
8033,306
8034,414
8035,503
8036,580
8037,643
8038,698
8039,743
8040,783
8041,816
8042,823
8043,692
8044,584
8045,493
8046,418
8047,353
8048,300
8049,255
8050,217
8051,184
8052,181
8053,310
8054,417
8055,506
8056,582
8057,645
8058,699
8059,745
8060,784
8061,817
8062,819
8063,688
8064,579
8065,491
8066,415
8067,352
8068,299
8069,253
8070,216
8071,184
8072,184
8073,315
8074,420
8075,509
8076,583
8077,647
8078,701
8079,746
8080,785
8081,818
8082,814
8083,686
8084,577
8085,489
8086,413
8087,351
8088,297
8089,253
8090,214
8091,183
8092,189
8093,319
8094,423
8095,511
8096,586
8097,649
8098,702
8099,748
8100,786
8101,819
8102,810
8103,681
8104,575
8105,486
8106,411
8107,348
8108,296
8109,251
8110,214
8111,182
8112,193
8113,323
8114,426
8115,514
8116,588
8117,651
8118,704
8119,749
8120,787
8121,820
8122,806
8123,677
8124,571
8125,482
8126,409
8127,346
8128,294
8129,250
8130,212
8131,181
8132,199
8133,325
8134,430
8135,516
8136,590
8137,652
8138,706
8139,750
8140,789
8141,821
8142,802
8143,673
8144,568
8145,481
8146,407
8147,344
8148,292
8149,248
8150,211
8151,179
8152,202
8153,328
8154,432
8155,518
8156,592
8157,655
8158,707
8159,752
8160,790
8161,823
8162,797
8163,669
8164,566
8165,477
8166,405
8167,343
8168,291
8169,247
8170,210
8171,179
8172,208
8173,332
8174,436
8175,521
8176,595
8177,656
8178,709
8179,753
8180,791
8181,823
8182,793
8183,666
8184,562
8185,475
8186,403
8187,341
8188,290
8189,246
8190,209
8191,178
8192,213
8193,337
8194,439
8195,524
8196,597
8197,658
8198,710
8199,754
8200,792
8201,824
8202,788
8203,662
8204,559
8205,472
8206,400
8207,339
8208,288
8209,245
8210,208
8211,177
8212,216
8213,339
8214,442
8215,526
8216,599
8217,660
8218,712
8219,755
8220,793
8221,825
8222,784
8223,658
8224,556
8225,470
8226,398
8227,337
8228,287
8229,243
8230,207
8231,176
8232,221
8233,343
8234,445
8235,530
8236,601
8237,662
8238,713
8239,757
8240,795
8241,826
8242,779
8243,656
8244,553
8245,468
8246,396
8247,336
8248,285
8249,243
8250,206
8251,176
8252,224
8253,347
8254,447
8255,532
8256,603
8257,664
8258,714
8259,758
8260,795
8261,827
8262,774
8263,652
8264,549
8265,466
8266,394
8267,334
8268,284
8269,241
8270,205
8271,174
8272,229
8273,351
8274,450
8275,534
8276,605
8277,665
8278,717
8279,760
8280,797
8281,828
8282,771
8283,649
8284,547
8285,463
8286,391
8287,332
8288,282
8289,240
8290,204
8291,174
8292,233
8293,354
8294,453
8295,537
8296,607
8297,667
8298,717
8299,761
8300,797
8301,829
8302,765
8303,645
8304,544
8305,461
8306,389
8307,331
8308,280
8309,238
8310,203
8311,173
8312,237
8313,357
8314,456
8315,539
8316,609
8317,669
8318,719
8319,762
8320,799
8321,830
8322,763
8323,642
8324,541
8325,457
8326,387
8327,329
8328,280
8329,238
8330,201
8331,172
8332,242
8333,360
8334,459
8335,541
8336,611
8337,670
8338,721
8339,763
8340,800
8341,831
8342,758
8343,637
8344,538
8345,455
8346,386
8347,327
8348,278
8349,236
8350,201
8351,171
8352,248
8353,364
8354,463
8355,543
8356,613
8357,672
8358,722
8359,764
8360,801
8361,832
8362,754
8363,634
8364,535
8365,453
8366,383
8367,325
8368,276
8369,235
8370,200
8371,170
8372,250
8373,368
8374,464
8375,546
8376,615
8377,674
8378,723
8379,766
8380,802
8381,833
8382,748
8383,631
8384,532
8385,451
8386,381
8387,324
8388,275
8389,233
8390,198
8391,169
8392,254
8393,371
8394,467
8395,549
8396,617
8397,676
8398,725
8399,768
8400,803
8401,834
8402,746
8403,627
8404,530
8405,448
8406,379
8407,322
8408,274
8409,232
8410,198
8411,168
8412,258
8413,374
8414,470
8415,551
8416,619
8417,678
8418,726
8419,768
8420,804
8421,834
8422,741
8423,624
8424,527
8425,446
8426,378
8427,320
8428,272
8429,231
8430,197
8431,168
8432,263
8433,377
8434,474
8435,553
8436,622
8437,679
8438,728
8439,769
8440,806
8441,835
8442,737
8443,620
8444,524
8445,443
8446,376
8447,318
8448,270
8449,230
8450,196
8451,167
8452,267
8453,381
8454,476
8455,555
8456,624
8457,681
8458,729
8459,770
8460,806
8461,836
8462,733
8463,617
8464,521
8465,441
8466,373
8467,317
8468,269
8469,229
8470,195
8471,165
8472,271
8473,384
8474,479
8475,558
8476,626
8477,682
8478,731
8479,772
8480,807
8481,837
8482,729
8483,613
8484,519
8485,439
8486,372
8487,315
8488,268
8489,227
8490,194
8491,165
8492,274
8493,387
8494,481
8495,560
8496,627
8497,684
8498,732
8499,773
8500,808
8501,838
8502,725
8503,610
8504,516
8505,436
8506,370
8507,314
8508,266
8509,226
8510,193
8511,165
8512,278
8513,391
8514,484
8515,563
8516,629
8517,686
8518,733
8519,775
8520,809
8521,838
8522,721
8523,607
8524,513
8525,434
8526,368
8527,312
8528,265
8529,225
8530,192
8531,163
8532,282
8533,394
8534,488
8535,565
8536,631
8537,687
8538,735
8539,775
8540,810
8541,839
8542,716
8543,604
8544,510
8545,432
8546,365
8547,310
8548,263
8549,224
8550,190
8551,162
8552,287
8553,397
8554,490
8555,567
8556,633
8557,689
8558,736
8559,777
8560,811
8561,840
8562,712
8563,601
8564,507
8565,430
8566,363
8567,309
8568,262
8569,223
8570,189
8571,162
8572,290
8573,401
8574,492
8575,570
8576,636
8577,690
8578,737
8579,778
8580,812
8581,837
8582,708
8583,598
8584,504
8585,427
8586,362
8587,307
8588,261
8589,222
8590,189
8591,164
8592,295
8593,403
8594,495
8595,572
8596,637
8597,692
8598,739
8599,779
8600,813
8601,834
8602,705
8603,594
8604,502
8605,424
8606,360
8607,305
8608,259
8609,220
8610,188
8611,168
8612,299
8613,406
8614,498
8615,574
8616,639
8617,694
8618,741
8619,781
8620,814
8621,831
8622,701
8623,591
8624,499
8625,422
8626,358
8627,304
8628,258
8629,219
8630,187
8631,171
8632,303
8633,409
8634,500
8635,576
8636,641
8637,696
8638,742
8639,782
8640,815
8641,827
8642,698
8643,587
8644,497
8645,420
8646,356
8647,302
8648,257
8649,218
8650,186
8651,175
8652,306
8653,413
8654,503
8655,578
8656,643
8657,697
8658,744
8659,783
8660,816
8661,823
8662,692
8663,585
8664,494
8665,418
8666,354
8667,301
8668,255
8669,217
8670,185
8671,180
8672,309
8673,416
8674,505
8675,581
8676,644
8677,699
8678,744
8679,784
8680,817
8681,820
8682,689
8683,581
8684,491
8685,416
8686,352
8687,299
8688,254
8689,216
8690,184
8691,184
8692,313
8693,420
8694,508
8695,583
8696,646
8697,700
8698,746
8699,785
8700,818
8701,816
8702,685
8703,578
8704,488
8705,413
8706,350
8707,297
8708,253
8709,215
8710,183
8711,189
8712,317
8713,423
8714,510
8715,585
8716,649
8717,702
8718,748
8719,786
8720,819
8721,812
8722,681
8723,575
8724,486
8725,412
8726,348
8727,296
8728,251
8729,214
8730,181
8731,193
8732,320
8733,425
8734,513
8735,587
8736,650
8737,703
8738,749
8739,788
8740,820
8741,807
8742,678
8743,572
8744,483
8745,409
8746,347
8747,294
8748,250
8749,213
8750,181
8751,197
8752,324
8753,429
8754,515
8755,590
8756,652
8757,705
8758,750
8759,789
8760,821
8761,803
8762,674
8763,569
8764,480
8765,407
8766,345
8767,293
8768,249
8769,211
8770,180
8771,203
8772,328
8773,432
8774,518
8775,592
8776,654
8777,706
8778,751
8779,790
8780,822
8781,798
8782,670
8783,566
8784,478
8785,405
8786,343
8787,291
8788,247
8789,210
8790,179
8791,207
8792,332
8793,435
8794,521
8795,594
8796,656
8797,708
8798,753
8799,791
8800,823
8801,794
8802,667
8803,564
8804,476
8805,403
8806,341
8807,290
8808,246
8809,210
8810,178
8811,211
8812,335
8813,438
8814,523
8815,596
8816,657
8817,710
8818,754
8819,792
8820,824
8821,790
8822,663
8823,560
8824,473
8825,401
8826,340
8827,288
8828,245
8829,208
8830,178
8831,216
8832,340
8833,440
8834,525
8835,598
8836,659
8837,711
8838,755
8839,793
8840,825
8841,784
8842,660
8843,556
8844,471
8845,398
8846,338
8847,287
8848,244
8849,207
8850,176
8851,220
8852,342
8853,444
8854,528
8855,600
8856,661
8857,713
8858,757
8859,794
8860,826
8861,781
8862,656
8863,554
8864,468
8865,396
8866,336
8867,285
8868,242
8869,206
8870,175
8871,224
8872,345
8873,446
8874,531
8875,602
8876,663
8877,714
8878,758
8879,795
8880,827
8881,775
8882,653
8883,550
8884,466
8885,394
8886,334
8887,284
8888,241
8889,205
8890,175
8891,228
8892,349
8893,449
8894,533
8895,604
8896,665
8897,715
8898,759
8899,796
8900,828
8901,771
8902,649
8903,547
8904,464
8905,392
8906,333
8907,282
8908,240
8909,204
8910,174
8911,232
8912,353
8913,452
8914,536
8915,606
8916,667
8917,717
8918,760
8919,797
8920,828
8921,766
8922,645
8923,544
8924,461
8925,390
8926,331
8927,281
8928,239
8929,203
8930,173
8931,237
8932,357
8933,455
8934,538
8935,608
8936,669
8937,719
8938,762
8939,798
8940,830
8941,762
8942,642
8943,541
8944,459
8945,388
8946,329
8947,279
8948,238
8949,202
8950,172
8951,241
8952,360
8953,458
8954,541
8955,611
8956,670
8957,720
8958,763
8959,800
8960,831
8961,759
8962,639
8963,539
8964,456
8965,387
8966,327
8967,278
8968,236
8969,201
8970,171
8971,244
8972,363
8973,460
8974,543
8975,612
8976,672
8977,721
8978,764
8979,800
8980,832
8981,754
8982,635
8983,536
8984,454
8985,384
8986,326
8987,277
8988,235
8989,200
8990,170
8991,249
8992,367
8993,463
8994,546
8995,615
8996,674
8997,723
8998,765
8999,801
9000,832
9001,749
9002,632
9003,533
9004,451
9005,382
9006,324
9007,275
9008,234
9009,199
9010,169
9011,254
9012,370
9013,467
9014,548
9015,617
9016,675
9017,725
9018,767
9019,803
9020,833
9021,745
9022,628
9023,530
9024,449
9025,380
9026,322
9027,273
9028,233
9029,198
9030,169
9031,257
9032,374
9033,469
9034,551
9035,619
9036,677
9037,726
9038,768
9039,804
9040,834
9041,741
9042,625
9043,527
9044,447
9045,378
9046,320
9047,272
9048,231
9049,197
9050,168
9051,262
9052,376
9053,473
9054,552
9055,621
9056,679
9057,728
9058,769
9059,805
9060,835
9061,738
9062,621
9063,525
9064,444
9065,376
9066,319
9067,271
9068,230
9069,196
9070,166
9071,267
9072,380
9073,476
9074,555
9075,623
9076,680
9077,729
9078,770
9079,806
9080,836
9081,734
9082,617
9083,522
9084,441
9085,374
9086,317
9087,270
9088,229
9089,195
9090,166
9091,270
9092,383
9093,478
9094,558
9095,625
9096,682
9097,730
9098,772
9099,807
9100,837
9101,729
9102,615
9103,519
9104,439
9105,372
9106,316
9107,267
9108,228
9109,194
9110,165
9111,273
9112,387
9113,480
9114,560
9115,627
9116,684
9117,732
9118,773
9119,808
9120,838
9121,725
9122,611
9123,516
9124,437
9125,369
9126,314
9127,267
9128,226
9129,193
9130,164
9131,279
9132,390
9133,484
9134,562
9135,629
9136,686
9137,733
9138,774
9139,809
9140,838
9141,722
9142,607
9143,514
9144,434
9145,368
9146,312
9147,265
9148,225
9149,192
9150,164
9151,281
9152,393
9153,486
9154,565
9155,630
9156,687
9157,734
9158,776
9159,810
9160,839
9161,718
9162,604
9163,511
9164,432
9165,366
9166,311
9167,264
9168,224
9169,191
9170,162
9171,285
9172,397
9173,488
9174,566
9175,632
9176,688
9177,736
9178,776
9179,811
9180,840
9181,714
9182,601
9183,508
9184,430
9185,364
9186,309
9187,262
9188,223
9189,190
9190,162
9191,289
9192,400
9193,491
9194,569
9195,634
9196,690
9197,737
9198,778
9199,812
9200,837
9201,710
9202,598
9203,505
9204,427
9205,362
9206,307
9207,261
9208,222
9209,189
9210,164
9211,294
9212,402
9213,495
9214,571
9215,637
9216,692
9217,739
9218,779
9219,813
9220,834
9221,705
9222,594
9223,503
9224,425
9225,361
9226,306
9227,260
9228,221
9229,188
9230,167
9231,298
9232,405
9233,497
9234,573
9235,639
9236,693
9237,740
9238,780
9239,814
9240,831
9241,702
9242,591
9243,500
9244,423
9245,359
9246,304
9247,258
9248,220
9249,187
9250,170
9251,302
9252,408
9253,500
9254,575
9255,641
9256,695
9257,742
9258,781
9259,815
9260,829
9261,698
9262,589
9263,497
9264,421
9265,356
9266,303
9267,257
9268,219
9269,186
9270,175
9271,305
9272,412
9273,502
9274,578
9275,642
9276,697
9277,743
9278,782
9279,816
9280,825
9281,693
9282,585
9283,494
9284,419
9285,355
9286,301
9287,255
9288,218
9289,185
9290,179
9291,308
9292,416
9293,504
9294,580
9295,644
9296,698
9297,744
9298,784
9299,817
9300,821
9301,690
9302,581
9303,492
9304,416
9305,353
9306,299
9307,254
9308,216
9309,184
9310,184
9311,312
9312,419
9313,507
9314,583
9315,646
9316,700
9317,746
9318,785
9319,818
9320,817
9321,686
9322,580
9323,489
9324,415
9325,351
9326,299
9327,253
9328,215
9329,183
9330,188
9331,316
9332,422
9333,509
9334,585
9335,648
9336,702
9337,747
9338,786
9339,819
9340,813
9341,682
9342,576
9343,487
9344,411
9345,349
9346,297
9347,252
9348,214
9349,182
9350,191
9351,321
9352,424
9353,513
9354,586
9355,650
9356,703
9357,748
9358,787
9359,820
9360,808
9361,678
9362,573
9363,484
9364,410
9365,347
9366,295
9367,250
9368,213
9369,181
9370,197
9371,323
9372,428
9373,515
9374,589
9375,651
9376,705
9377,750
9378,788
9379,821
9380,804
9381,675
9382,570
9383,481
9384,408
9385,345
9386,294
9387,249
9388,212
9389,180
9390,200
9391,327
9392,430
9393,518
9394,591
9395,654
9396,706
9397,751
9398,789
9399,822
9400,799
9401,672
9402,566
9403,479
9404,405
9405,344
9406,292
9407,248
9408,210
9409,180
9410,205
9411,331
9412,433
9413,521
9414,593
9415,656
9416,707
9417,752
9418,790
9419,823
9420,794
9421,668
9422,563
9423,477
9424,403
9425,342
9426,290
9427,247
9428,210
9429,179
9430,211
9431,335
9432,438
9433,523
9434,596
9435,657
9436,709
9437,754
9438,791
9439,824
9440,790
9441,665
9442,560
9443,474
9444,401
9445,340
9446,288
9447,246
9448,208
9449,178
9450,214
9451,338
9452,440
9453,525
9454,597
9455,659
9456,711
9457,755
9458,793
9459,825
9460,785
9461,661
9462,557
9463,472
9464,399
9465,339
9466,287
9467,244
9468,207
9469,177
9470,218
9471,342
9472,444
9473,527
9474,600
9475,661
9476,712
9477,756
9478,794
9479,826
9480,782
9481,656
9482,555
9483,469
9484,398
9485,336
9486,286
9487,243
9488,207
9489,176
9490,223
9491,344
9492,446
9493,530
9494,602
9495,662
9496,714
9497,757
9498,795
9499,826
9500,778
9501,654
9502,552
9503,467
9504,395
9505,335
9506,285
9507,242
9508,206
9509,175
9510,229
9511,348
9512,449
9513,532
9514,604
9515,665
9516,716
9517,759
9518,796
9519,828
9520,773
9521,649
9522,549
9523,464
9524,393
9525,333
9526,283
9527,240
9528,204
9529,174
9530,231
9531,352
9532,451
9533,535
9534,606
9535,666
9536,717
9537,760
9538,797
9539,829
9540,767
9541,647
9542,546
9543,462
9544,390
9545,331
9546,281
9547,239
9548,203
9549,173
9550,235
9551,356
9552,455
9553,538
9554,608
9555,668
9556,718
9557,761
9558,799
9559,829
9560,765
9561,644
9562,543
9563,459
9564,388
9565,330
9566,280
9567,238
9568,202
9569,172
9570,240
9571,359
9572,457
9573,540
9574,610
9575,670
9576,719
9577,763
9578,799
9579,830
9580,761
9581,640
9582,540
9583,457
9584,387
9585,328
9586,279
9587,237
9588,201
9589,172
9590,245
9591,362
9592,461
9593,542
9594,613
9595,671
9596,722
9597,764
9598,800
9599,831
9600,754
9601,636
9602,537
9603,454
9604,385
9605,326
9606,277
9607,235
9608,200
9609,171
9610,247
9611,365
9612,462
9613,544
9614,613
9615,673
9616,722
9617,765
9618,801
9619,832
9620,752
9621,632
9622,534
9623,451
9624,383
9625,324
9626,276
9627,234
9628,199
9629,169
9630,253
9631,368
9632,466
9633,547
9634,616
9635,675
9636,724
9637,766
9638,802
9639,833
9640,748
9641,628
9642,531
9643,449
9644,380
9645,323
9646,274
9647,233
9648,198
9649,169
9650,256
9651,373
9652,469
9653,550
9654,618
9655,677
9656,726
9657,768
9658,803
9659,834
9660,743
9661,625
9662,528
9663,447
9664,379
9665,321
9666,273
9667,232
9668,197
9669,168
9670,261
9671,375
9672,472
9673,552
9674,620
9675,678
9676,727
9677,769
9678,805
9679,835
9680,739
9681,622
9682,525
9683,444
9684,377
9685,319
9686,271
9687,231
9688,196
9689,167
9690,265
9691,380
9692,474
9693,555
9694,622
9695,680
9696,728
9697,770
9698,806
9699,836
9700,734
9701,619
9702,522
9703,442
9704,374
9705,318
9706,270
9707,229
9708,195
9709,166
9710,269
9711,383
9712,477
9713,557
9714,624
9715,682
9716,730
9717,772
9718,807
9719,837
9720,730
9721,616
9722,519
9723,440
9724,372
9725,317
9726,268
9727,229
9728,194
9729,165
9730,272
9731,385
9732,480
9733,559
9734,627
9735,683
9736,732
9737,772
9738,808
9739,837
9740,727
9741,612
9742,517
9743,437
9744,371
9745,315
9746,267
9747,227
9748,193
9749,164
9750,277
9751,390
9752,482
9753,562
9754,628
9755,685
9756,733
9757,774
9758,809
9759,838
9760,723
9761,608
9762,515
9763,435
9764,369
9765,313
9766,266
9767,226
9768,193
9769,164
9770,281
9771,393
9772,486
9773,564
9774,631
9775,687
9776,734
9777,775
9778,810
9779,838
9780,718
9781,606
9782,511
9783,433
9784,366
9785,311
9786,264
9787,225
9788,191
9789,162
9790,286
9791,395
9792,488
9793,566
9794,632
9795,688
9796,736
9797,777
9798,811
9799,840
9800,714
9801,602
9802,508
9803,431
9804,364
9805,310
9806,263
9807,224
9808,190
9809,162
9810,289
9811,398
9812,491
9813,568
9814,634
9815,690
9816,737
9817,777
9818,811
9819,838
9820,711
9821,599
9822,506
9823,429
9824,363
9825,308
9826,262
9827,223
9828,189
9829,163
9830,293
9831,401
9832,494
9833,570
9834,637
9835,691
9836,739
9837,779
9838,813
9839,835
9840,707
9841,595
9842,503
9843,426
9844,361
9845,306
9846,261
9847,221
9848,188
9849,166
9850,297
9851,405
9852,496
9853,573
9854,638
9855,693
9856,740
9857,780
9858,814
9859,833
9860,703
9861,593
9862,500
9863,424
9864,359
9865,305
9866,259
9867,220
9868,187
9869,170
9870,300
9871,409
9872,499
9873,575
9874,640
9875,695
9876,741
9877,781
9878,815
9879,830
9880,698
9881,590
9882,498
9883,421
9884,357
9885,303
9886,257
9887,219
9888,186
9889,174
9890,304
9891,412
9892,501
9893,577
9894,641
9895,697
9896,742
9897,783
9898,815
9899,825
9900,695
9901,586
9902,495
9903,419
9904,355
9905,302
9906,256
9907,218
9908,185
9909,178
9910,307
9911,415
9912,504
9913,580
9914,644
9915,698
9916,744
9917,783
9918,817
9919,821
9920,692
9921,582
9922,493
9923,417
9924,354
9925,300
9926,255
9927,217
9928,185
9929,181
9930,312
9931,417
9932,507
9933,582
9934,646
9935,699
9936,745
9937,784
9938,818
9939,817
9940,688
9941,579
9942,489
9943,414
9944,351
9945,298
9946,253
9947,215
9948,184
9949,186
9950,316
9951,421
9952,510
9953,584
9954,648
9955,701
9956,747
9957,786
9958,819
9959,813
9960,684
9961,576
9962,488
9963,412
9964,350
9965,297
9966,252
9967,214
9968,182
9969,190
9970,319
9971,423
9972,512
9973,586
9974,650
9975,702
9976,748
9977,787
9978,820
9979,808
9980,680
9981,573
9982,485
9983,410
9984,347
9985,295
9986,251
9987,213
9988,182
9989,196
9990,323
9991,426
9992,515
9993,588
9994,651
9995,704
9996,749
9997,788
9998,821
9999,805
10000,675
