259
1,547
2,936
3,949
4,498
5,1023
6,830
7,168
8,404
9,934
10,777
11,306
12,352
13,770
14,752
15,342
16,320
17,710
18,741
19,344
20,299
21,691
22,739
23,335
24,285
25,688
26,740
27,325
28,274
29,692
30,748
31,316
32,1023
33,698
34,75
35,306
36,834
37,704
38,247
39,297
40,717
41,711
42,307
43,288
44,681
45,718
46,324
47,281
48,675
49,725
50,324
51,275
52,679
53,732
54,317
55,267
56,685
57,744
58,310
59,1023
60,694
61,85
62,302
63,820
64,702
65,251
66,295
67,711
68,710
69,308
70,287
71,679
72,717
73,322
74,279
75,674
76,724
77,322
78,273
79,678
80,731
81,317
82,266
83,686
84,744
85,310
86,1023
87,695
88,85
89,301
90,801
91,702
92,250
93,293
94,704
95,709
96,307
97,286
98,677
99,717
100,323
101,279
102,674
103,724
104,322
105,272
106,679
107,731
108,316
109,265
110,686
111,737
112,309
113,1023
114,694
115,113
116,301
117,801
118,703
119,255
120,293
121,702
122,710
123,309
124,285
125,676
126,717
127,323
128,278
129,673
130,724
131,322
132,272
133,678
134,732
135,316
136,264
137,687
138,738
139,308
140,1023
141,695
142,125
143,300
144,793
145,703
146,265
147,293
148,702
149,711
150,310
151,286
152,676
153,718
154,323
155,278
156,674
157,724
158,321
159,271
160,679
161,732
162,315
163,264
164,687
165,738
166,308
167,1023
168,696
169,137
170,300
171,776
172,703
173,264
174,292
175,697
176,711
177,313
178,285
179,675
180,718
181,323
182,278
183,674
184,725
185,321
186,271
187,680
188,732
189,314
190,257
191,687
192,0
193,307
194,1011
195,696
196,137
197,299
198,769
199,704
200,269
201,291
202,694
203,711
204,313
205,284
206,675
207,718
208,323
209,277
210,675
211,724
212,321
213,270
214,680
215,732
216,314
217,257
218,688
219,0
220,307
221,991
222,696
223,148
224,299
225,763
226,704
227,273
228,292
229,692
230,711
231,314
232,284
233,673
234,719
235,323
236,277
237,674
238,726
239,320
240,270
241,681
242,733
243,314
244,259
245,688
246,0
247,307
248,972
249,697
250,155
251,299
252,763
253,705
254,276
255,290
256,691
257,712
258,315
259,284
260,675
261,719
262,323
263,276
264,675
265,726
266,321
267,269
268,681
269,733
270,313
271,259
272,689
273,0
274,305
275,954
276,697
277,179
278,299
279,756
280,705
281,284
282,291
283,691
284,712
285,317
286,283
287,674
288,718
289,323
290,275
291,675
292,727
293,320
294,269
295,682
296,734
297,313
298,259
299,690
300,0
301,306
302,920
303,698
304,179
305,298
306,750
307,705
308,283
309,290
310,688
311,712
312,317
313,283
314,673
315,719
316,323
317,276
318,675
319,727
320,320
321,268
322,682
323,734
324,312
325,262
326,690
327,0
328,305
329,905
330,697
331,188
332,297
333,745
334,706
335,287
336,289
337,685
338,713
339,318
340,282
341,673
342,721
343,323
344,275
345,676
346,728
347,320
348,268
349,682
350,735
351,313
352,262
353,690
354,0
355,304
356,905
357,698
358,196
359,296
360,739
361,706
362,290
363,289
364,684
365,714
366,319
367,282
368,673
369,721
370,323
371,274
372,676
373,728
374,319
375,268
376,682
377,735
378,312
379,262
380,690
381,0
382,305
383,891
384,699
385,205
386,297
387,728
388,706
389,292
390,288
391,684
392,714
393,319
394,281
395,673
396,721
397,323
398,274
399,676
400,728
401,318
402,268
403,683
404,735
405,311
406,1023
407,691
408,0
409,303
410,864
411,699
412,212
413,296
414,730
415,707
416,295
417,288
418,681
419,714
420,320
421,281
422,674
423,721
424,323
425,273
426,676
427,729
428,318
429,267
430,684
431,743
432,311
433,1023
434,692
435,2
436,303
437,864
438,700
439,219
440,295
441,724
442,707
443,297
444,288
445,681
446,715
447,320
448,281
449,674
450,721
451,323
452,273
453,677
454,729
455,318
456,267
457,685
458,743
459,310
460,1023
461,692
462,20
463,303
464,852
465,699
466,227
467,295
468,721
469,707
470,299
471,288
472,680
473,715
474,320
475,280
476,673
477,722
478,323
479,273
480,676
481,729
482,317
483,267
484,684
485,748
486,310
487,1023
488,692
489,38
490,302
491,841
492,700
493,233
494,294
495,717
496,708
497,301
498,288
499,680
500,716
501,321
502,280
503,674
504,724
505,322
506,272
507,677
508,730
509,317
510,266
511,685
512,748
513,309
514,1023
515,692
516,71
517,302
518,828
519,701
520,239
521,294
522,710
523,708
524,303
525,286
526,679
527,716
528,321
529,279
530,674
531,723
532,323
533,273
534,678
535,730
536,317
537,265
538,685
539,744
540,309
541,1023
542,693
543,70
544,301
545,820
546,701
547,245
548,294
549,710
550,709
551,306
552,286
553,678
554,716
555,322
556,279
557,673
558,723
559,322
560,272
561,678
562,730
563,317
564,265
565,685
566,744
567,309
568,1023
569,694
570,85
571,301
572,810
573,702
574,250
575,293
576,707
577,709
578,307
579,286
580,678
581,717
582,323
583,279
584,674
585,724
586,322
587,271
588,678
589,731
590,316
591,264
592,686
593,737
594,309
595,1023
596,694
597,99
598,301
599,792
600,702
601,260
602,293
603,704
604,710
605,308
606,285
607,677
608,717
609,322
610,278
611,673
612,725
613,322
614,272
615,679
616,732
617,316
618,264
619,686
620,737
621,308
622,1023
623,695
624,112
625,300
626,792
627,702
628,259
629,292
630,701
631,711
632,310
633,285
634,676
635,718
636,323
637,278
638,674
639,725
640,321
641,271
642,679
643,732
644,315
645,264
646,688
647,737
648,307
649,1011
650,695
651,125
652,299
653,776
654,702
655,264
656,292
657,696
658,710
659,311
660,284
661,675
662,718
663,323
664,277
665,674
666,725
667,322
668,271
669,680
670,733
671,315
672,264
673,686
674,0
675,307
676,1011
677,695
678,136
679,299
680,776
681,704
682,269
683,292
684,696
685,711
686,314
687,284
688,675
689,719
690,323
691,277
692,674
693,726
694,321
695,270
696,680
697,732
698,315
699,257
700,688
701,0
702,307
703,991
704,696
705,148
706,298
707,769
708,704
709,272
710,290
711,694
712,711
713,315
714,284
715,674
716,719
717,323
718,277
719,674
720,726
721,321
722,270
723,681
724,733
725,314
726,257
727,689
728,0
729,306
730,972
731,696
732,159
733,298
734,762
735,705
736,276
737,291
738,692
739,712
740,315
741,283
742,674
743,719
744,324
745,277
746,675
747,727
748,321
749,270
750,681
751,734
752,314
753,259
754,689
755,0
756,305
757,953
758,697
759,169
760,297
761,755
762,705
763,280
764,291
765,690
766,712
767,316
768,283
769,674
770,719
771,324
772,276
773,675
774,726
775,320
776,269
777,681
778,734
779,313
780,259
781,689
782,0
783,305
784,937
785,697
786,178
787,297
788,750
789,705
790,283
791,290
792,689
793,713
794,317
795,282
796,674
797,720
798,324
799,276
800,676
801,727
802,320
803,269
804,682
805,735
806,313
807,262
808,689
809,0
810,304
811,905
812,698
813,188
814,297
815,739
816,706
817,287
818,289
819,685
820,713
821,318
822,282
823,674
824,721
825,323
826,275
827,674
828,728
829,320
830,268
831,681
832,735
833,313
834,262
835,690
836,0
837,304
838,905
839,698
840,196
841,296
842,739
843,707
844,289
845,289
846,684
847,713
848,319
849,282
850,673
851,721
852,323
853,275
854,676
855,728
856,318
857,268
858,683
859,735
860,311
861,261
862,691
863,0
864,304
865,890
866,699
867,205
868,296
869,734
870,706
871,292
872,288
873,684
874,715
875,319
876,281
877,673
878,721
879,323
880,274
881,676
882,728
883,319
884,267
885,683
886,735
887,311
888,1023
889,691
890,0
891,303
892,877
893,699
894,212
895,296
896,725
897,707
898,295
899,289
900,682
901,714
902,321
903,281
904,672
905,722
906,323
907,273
908,676
909,729
910,318
911,267
912,683
913,735
914,311
915,1023
916,692
917,2
918,303
919,864
920,700
921,219
922,295
923,725
924,707
925,297
926,288
927,682
928,714
929,320
930,281
931,673
932,721
933,323
934,274
935,676
936,729
937,318
938,266
939,684
940,748
941,310
942,1023
943,692
944,38
945,303
946,852
947,700
948,226
949,295
950,721
951,708
952,300
953,287
954,681
955,715
956,320
957,280
958,673
959,723
960,322
961,273
962,676
963,730
964,317
965,266
966,685
967,748
968,310
969,1023
970,692
971,38
972,302
973,841
974,700
975,233
976,294
977,717
978,708
979,302
980,287
981,679
982,715
983,322
984,280
985,673
986,722
987,322
988,273
989,678
990,730
991,317
992,266
993,685
994,748
995,310
996,1023
997,694
998,55
999,302
1000,830
