55
1,0
2,0
3,431
4,520
5,595
6,657
7,711
8,755
9,793
10,825
11,853
12,427
13,358
14,300
15,252
16,212
17,179
18,152
19,128
20,108
21,521
22,597
23,661
24,715
25,760
26,798
27,830
28,857
29,880
30,464
31,393
32,331
33,278
34,235
35,198
36,167
37,142
38,120
39,525
40,592
41,658
42,712
43,758
44,796
45,829
46,856
47,880
48,456
49,408
50,344
51,289
52,244
53,206
54,175
55,148
56,126
57,559
58,581
59,647
60,704
61,751
62,791
63,824
64,852
65,877
66,373
67,422
68,354
69,298
70,251
71,213
72,180
73,153
74,129
75,728
76,567
77,637
78,695
79,743
80,783
81,819
82,847
83,873
84,63
85,436
86,364
87,308
88,259
89,219
90,186
91,157
92,133
93,113
94,554
95,626
96,686
97,736
98,778
99,813
100,843
101,869
102,890
103,450
104,376
105,318
106,267
107,226
108,191
109,161
110,137
111,117
112,540
113,615
114,676
115,728
116,771
117,808
118,838
119,865
120,887
121,463
122,389
123,327
124,276
125,232
126,197
127,167
128,141
129,121
130,528
131,603
132,667
133,720
134,764
135,801
136,833
137,860
138,883
139,468
140,400
141,338
142,284
143,240
144,203
145,172
146,146
147,124
148,532
149,591
150,656
151,712
152,756
153,796
154,828
155,856
156,879
157,444
158,415
159,348
160,293
161,248
162,209
163,177
164,150
165,128
166,592
167,577
168,645
169,702
170,749
171,789
172,823
173,852
174,876
175,313
176,428
177,359
178,302
179,255
180,215
181,182
182,154
183,131
184,845
185,563
186,634
187,693
188,742
189,783
190,818
191,847
192,872
193,893
194,441
195,370
196,311
197,262
198,222
199,188
200,159
201,135
202,115
203,550
204,622
205,683
206,733
207,776
208,812
209,842
210,868
211,890
212,454
213,382
214,321
215,270
216,228
217,193
218,163
219,139
220,118
221,535
222,611
223,673
224,725
225,769
226,806
227,838
228,864
229,886
230,467
231,393
232,331
233,279
234,235
235,199
236,168
237,143
238,121
239,527
240,598
241,663
242,717
243,762
244,800
245,832
246,859
247,882
248,465
249,405
250,341
251,287
252,242
253,205
254,173
255,147
256,125
257,540
258,586
259,653
260,708
261,754
262,793
263,826
264,855
265,879
266,418
267,418
268,351
269,296
270,249
271,211
272,178
273,151
274,128
275,641
276,572
277,642
278,699
279,747
280,787
281,821
282,850
283,875
284,239
285,431
286,361
287,304
288,256
289,217
290,184
291,156
292,132
293,987
294,558
295,631
296,689
297,739
298,781
299,816
300,845
301,871
302,892
303,445
304,373
305,314
306,265
307,223
308,190
309,160
310,136
311,116
312,545
313,619
314,680
315,731
316,774
317,810
318,841
319,866
320,889
321,458
322,385
323,323
324,273
325,230
326,195
327,165
328,140
329,119
330,531
331,607
332,670
333,723
334,766
335,804
336,835
337,862
338,885
339,468
340,397
341,333
342,280
343,238
344,201
345,170
346,144
347,123
348,527
349,594
350,660
351,714
352,759
353,798
354,831
355,858
356,881
357,460
358,410
359,344
360,290
361,244
362,207
363,175
364,148
365,126
366,558
367,582
368,649
369,705
370,752
371,792
372,826
373,854
374,878
375,384
376,423
377,355
378,299
379,253
380,213
381,181
382,153
383,130
384,703
385,568
386,638
387,695
388,745
389,785
390,819
391,849
392,873
393,118
394,436
395,365
396,308
397,260
398,220
399,185
400,157
401,133
402,113
403,554
404,627
405,687
406,736
407,779
408,814
409,844
410,869
411,891
412,449
413,377
414,317
415,268
416,226
417,191
418,162
419,137
420,117
421,541
422,615
423,677
424,728
425,771
426,808
427,839
428,865
429,887
430,462
431,388
432,327
433,276
434,232
435,197
436,166
437,142
438,120
439,529
440,602
441,667
442,719
443,765
444,802
445,833
446,861
447,884
448,468
449,401
450,337
451,284
452,239
453,203
454,172
455,146
456,124
457,531
458,590
459,657
460,711
461,757
462,796
463,828
464,857
465,879
466,448
467,413
468,347
469,292
470,247
471,208
472,176
473,149
474,127
475,581
476,577
477,646
478,703
479,750
480,789
481,823
482,852
483,876
484,332
485,427
486,357
487,301
488,254
489,215
490,182
491,154
492,130
493,807
494,563
495,635
496,693
497,742
498,783
499,818
500,847
501,872
502,0
503,439
504,369
505,310
506,262
507,221
508,188
509,158
510,135
511,114
512,551
513,622
514,683
515,733
516,776
517,812
518,843
519,868
520,890
521,453
522,381
523,320
524,270
525,228
526,193
527,164
528,139
529,118
530,536
531,612
532,673
533,726
534,769
535,807
536,837
537,864
538,886
539,466
540,392
541,330
542,278
543,235
544,199
545,168
546,143
547,121
548,527
549,599
550,664
551,717
552,762
553,800
554,832
555,860
556,882
557,466
558,404
559,340
560,287
561,242
562,205
563,174
564,147
565,125
566,539
567,587
568,653
569,709
570,755
571,794
572,827
573,856
574,879
575,422
576,417
577,351
578,295
579,249
580,211
581,179
582,151
583,128
584,625
585,573
586,643
587,700
588,747
589,788
590,822
591,850
592,875
593,248
594,432
595,361
596,305
597,257
598,217
599,184
600,156
601,132
602,959
603,560
604,631
605,690
606,739
607,781
608,816
609,846
610,871
611,892
612,445
613,373
614,314
615,265
616,224
617,189
618,160
619,136
620,116
621,545
622,620
623,680
624,731
625,774
626,811
627,841
628,867
629,889
630,458
631,384
632,323
633,272
634,230
635,194
636,165
637,140
638,119
639,532
640,608
641,671
642,723
643,767
644,804
645,836
646,863
647,885
648,468
649,396
650,333
651,281
652,237
653,200
654,170
655,144
656,122
657,527
658,594
659,660
660,714
661,760
662,798
663,831
664,859
665,881
666,460
667,409
668,343
669,290
670,244
671,207
672,175
673,148
674,126
675,554
676,582
677,649
678,706
679,751
680,792
681,825
682,854
683,878
684,386
685,421
686,354
687,298
688,251
689,212
690,180
691,152
692,130
693,690
694,568
695,639
696,696
697,744
698,785
699,820
700,849
701,873
702,138
703,435
704,364
705,307
706,258
707,219
708,185
709,157
710,133
711,113
712,556
713,627
714,687
715,736
716,779
717,814
718,844
719,869
720,891
721,448
722,376
723,316
724,267
725,225
726,190
727,161
728,137
729,117
730,542
731,616
732,677
733,729
734,771
735,808
736,839
737,865
738,888
739,463
740,388
741,327
742,275
743,233
744,197
745,167
746,141
747,121
748,528
749,604
750,667
751,720
752,765
753,802
754,834
755,862
756,884
757,469
758,400
759,337
760,284
761,240
762,203
763,172
764,146
765,124
766,531
767,591
768,658
769,712
770,757
771,797
772,829
773,857
774,879
775,450
776,413
777,347
778,293
779,246
780,208
781,176
782,150
783,127
784,577
785,578
786,647
787,703
788,751
789,790
790,824
791,852
792,876
793,342
794,427
795,357
796,301
797,254
798,215
799,182
800,154
801,131
802,808
803,564
804,635
805,693
806,742
807,783
808,818
809,848
810,872
811,0
812,440
813,369
814,310
815,262
816,221
817,188
818,159
819,135
820,115
821,550
822,624
823,684
824,734
825,776
826,813
827,842
828,868
829,889
830,454
831,380
832,320
833,270
834,227
835,193
836,163
837,138
838,118
839,537
840,611
841,675
842,726
843,770
844,807
845,838
846,864
847,887
848,466
849,392
850,329
851,278
852,234
853,198
854,167
855,142
856,121
857,527
858,599
859,664
860,718
861,763
862,801
863,832
864,860
865,882
866,467
867,404
868,339
869,286
870,241
871,204
872,173
873,146
874,125
875,537
876,587
877,653
878,709
879,755
880,794
881,827
882,855
883,878
884,424
885,416
886,350
887,294
888,249
889,210
890,178
891,151
892,128
893,625
894,574
895,642
896,699
897,748
898,788
899,822
900,851
901,875
902,253
903,429
904,360
905,303
906,256
907,216
908,184
909,155
910,132
911,959
912,560
913,632
914,691
915,739
916,782
917,816
918,846
919,871
920,892
921,444
922,372
923,313
924,264
925,223
926,189
927,160
928,136
929,115
930,546
931,620
932,681
933,731
934,774
935,811
936,841
937,867
938,889
939,457
940,383
941,322
942,272
943,230
944,194
945,165
946,140
947,119
948,532
949,608
950,671
951,723
952,767
953,805
954,836
955,863
956,885
957,468
958,396
959,333
960,281
961,237
962,200
963,169
964,144
965,122
966,527
967,596
968,661
969,715
970,760
971,799
972,831
973,859
974,881
975,462
976,409
977,344
978,289
979,245
980,206
981,175
982,148
983,126
984,549
985,583
986,651
987,706
988,753
989,793
990,826
991,854
992,878
993,393
994,422
995,354
996,298
997,251
998,213
999,180
1000,153
