833
1,0
2,471
3,535
4,752
5,153
6,139
7,0
8,623
9,667
10,857
11,232
12,207
13,57
14,675
15,711
16,883
17,264
18,235
19,80
20,699
21,730
22,898
23,280
24,246
25,90
26,707
27,738
28,905
29,284
30,250
31,93
32,711
33,742
34,908
35,288
36,253
37,96
38,711
39,743
40,908
41,288
42,254
43,97
44,711
45,741
46,923
47,288
48,257
49,97
50,711
51,744
52,910
53,288
54,255
55,97
56,711
57,745
58,910
59,288
60,255
61,97
62,711
63,745
64,924
65,288
66,255
67,98
68,711
69,745
70,910
71,288
72,255
73,98
74,711
75,744
76,911
77,288
78,255
79,97
80,715
81,745
82,910
83,288
84,256
85,98
86,711
87,742
88,925
89,288
90,258
91,86
92,711
93,744
94,924
95,288
96,255
97,97
98,711
99,745
100,911
101,288
102,256
103,98
104,715
105,745
106,911
107,288
108,256
109,98
110,715
111,745
112,911
113,288
114,255
115,98
116,715
117,745
118,911
119,288
120,256
121,98
122,715
123,745
124,911
125,288
126,256
127,98
128,719
129,745
130,924
131,288
132,255
133,85
134,715
135,745
136,911
137,288
138,256
139,98
140,715
141,745
142,911
143,288
144,255
145,98
146,715
147,745
148,911
149,288
150,255
151,98
152,711
153,745
154,911
155,288
156,256
157,98
158,715
159,745
160,911
161,288
162,256
163,98
164,715
165,745
166,917
167,288
168,256
169,98
170,711
171,740
172,911
173,288
174,256
175,86
176,719
177,745
178,911
179,288
180,255
181,98
182,715
183,745
184,911
185,288
186,256
187,99
188,715
189,746
190,911
191,288
192,256
193,99
194,715
195,745
196,911
197,288
198,255
199,98
200,715
201,745
202,911
203,288
204,256
205,98
206,715
207,745
208,911
209,288
210,255
211,98
212,715
213,746
214,924
215,288
216,258
217,86
218,718
219,742
220,911
221,288
222,256
223,98
224,715
225,745
226,911
227,288
228,255
229,98
230,715
231,745
232,911
233,288
234,256
235,98
236,715
237,745
238,911
239,288
240,256
241,98
242,715
243,747
244,911
245,288
246,256
247,98
248,711
249,744
250,911
251,288
252,256
253,98
254,711
255,745
256,911
257,288
258,259
259,86
260,719
261,745
262,911
263,288
264,256
265,99
266,715
267,745
268,911
269,288
270,256
271,99
272,715
273,745
274,911
275,288
276,256
277,98
278,715
279,745
280,911
281,288
282,256
283,98
284,715
285,745
286,911
287,292
288,256
289,98
290,715
291,745
292,911
293,288
294,255
295,98
296,715
297,746
298,911
299,288
300,259
301,86
302,711
303,742
304,924
305,288
306,256
307,98
308,711
309,745
310,911
311,288
312,255
313,98
314,715
315,745
316,911
317,288
318,256
319,98
320,711
321,744
322,910
323,288
324,256
325,98
326,711
327,745
328,911
329,288
330,256
331,98
332,715
333,745
334,911
335,288
336,256
337,98
338,715
339,745
340,911
341,288
342,262
343,99
344,719
345,742
346,924
347,288
348,255
349,98
350,715
351,745
352,911
353,288
354,256
355,98
356,715
357,745
358,911
359,288
360,256
361,98
362,715
363,745
364,911
365,288
366,256
367,98
368,715
369,745
370,911
371,288
372,257
373,98
374,715
375,745
376,911
377,288
378,256
379,98
380,715
381,745
382,911
383,288
384,261
385,98
386,719
387,742
388,924
389,288
390,256
391,98
392,715
393,745
394,911
395,288
396,256
397,98
398,711
399,744
400,911
401,288
402,256
403,98
404,711
405,745
406,911
407,288
408,256
409,98
410,715
411,745
412,911
413,288
414,255
415,98
416,715
417,745
418,911
419,288
420,256
421,99
422,715
423,745
424,911
425,288
426,256
427,98
428,711
429,742
430,925
431,288
432,258
433,98
434,715
435,746
436,911
437,288
438,256
439,98
440,715
441,745
442,911
443,288
444,255
445,98
446,715
447,745
448,911
449,288
450,256
451,98
452,715
453,745
454,911
455,292
456,256
457,98
458,715
459,744
460,911
461,288
462,255
463,98
464,715
465,745
466,911
467,288
468,256
469,98
470,718
471,742
472,925
473,288
474,259
475,86
476,711
477,744
478,911
479,288
480,256
481,98
482,711
483,745
484,911
485,288
486,256
487,98
488,715
489,745
490,911
491,288
492,256
493,98
494,715
495,745
496,911
497,288
498,255
499,99
500,715
501,745
502,910
503,288
504,256
505,98
506,715
507,745
508,911
509,288
510,256
511,98
512,718
513,745
514,924
515,288
516,258
517,86
518,715
519,745
520,911
521,288
522,256
523,98
524,715
525,745
526,911
527,288
528,256
529,98
530,715
531,745
532,911
533,288
534,256
535,98
536,715
537,745
538,911
539,288
540,256
541,98
542,715
543,745
544,912
545,288
546,256
547,98
548,715
549,746
550,917
551,288
552,256
553,98
554,711
555,739
556,911
557,288
558,259
559,86
560,711
561,745
562,911
563,288
564,256
565,98
566,715
567,745
568,911
569,288
570,256
571,99
572,715
573,745
574,911
575,288
576,256
577,98
578,715
579,745
580,910
581,288
582,256
583,98
584,715
585,745
586,911
587,288
588,256
589,98
590,715
591,745
592,911
593,288
594,256
595,98
596,715
597,745
598,925
599,288
600,258
601,86
602,711
603,743
604,912
605,288
606,256
607,98
608,715
609,745
610,911
611,288
612,255
613,98
614,715
615,745
616,911
617,288
618,256
619,98
620,715
621,745
622,911
623,288
624,256
625,98
626,715
627,746
628,911
629,288
630,256
631,98
632,711
633,744
634,923
635,288
636,256
637,98
638,715
639,745
640,911
641,288
642,258
643,86
644,719
645,742
646,924
647,288
648,256
649,99
650,715
651,745
652,911
653,288
654,256
655,98
656,715
657,745
658,910
659,288
660,256
661,98
662,715
663,745
664,911
665,288
666,256
667,98
668,715
669,745
670,911
671,288
672,256
673,98
674,715
675,745
676,911
677,288
678,255
679,98
680,715
681,745
682,911
683,288
684,259
685,86
686,719
687,742
688,924
689,288
690,256
691,99
692,715
693,745
694,911
695,288
696,256
697,98
698,715
699,745
700,911
701,288
702,256
703,98
704,715
705,745
706,911
707,288
708,256
709,98
710,711
711,744
712,911
713,288
714,255
715,98
716,715
717,745
718,911
719,288
720,256
721,98
722,715
723,745
724,911
725,288
726,261
727,99
728,719
729,743
730,924
731,288
732,256
733,99
734,715
735,745
736,924
737,288
738,256
739,98
740,715
741,745
742,911
743,288
744,256
745,98
746,715
747,745
748,911
749,288
750,256
751,98
752,715
753,745
754,911
755,288
756,256
757,98
758,715
759,745
760,925
761,288
762,255
763,98
764,715
765,745
766,924
767,288
768,261
769,98
770,711
771,742
772,924
773,288
774,259
775,98
776,715
777,745
778,911
779,288
780,256
781,98
782,715
783,745
784,911
785,288
786,256
787,98
788,711
789,744
790,910
791,288
792,256
793,98
794,715
795,745
796,911
797,288
798,255
799,98
800,715
801,745
802,911
803,288
804,256
805,99
806,715
807,745
808,911
809,288
810,256
811,98
812,711
813,741
814,924
815,288
816,258
817,98
818,715
819,745
820,911
821,288
822,256
823,99
824,715
825,745
826,911
827,288
828,255
829,98
830,715
831,745
832,911
833,288
834,256
835,98
836,715
837,745
838,911
839,288
840,257
841,98
842,715
843,746
844,911
845,288
846,255
847,98
848,711
849,745
850,911
851,288
852,256
853,98
854,711
855,742
856,924
857,288
858,258
859,86
860,715
861,744
862,911
863,288
864,255
865,98
866,711
867,745
868,911
869,288
870,256
871,98
872,715
873,745
874,911
875,288
876,256
877,98
878,715
879,745
880,925
881,288
882,256
883,99
884,711
885,745
886,910
887,288
888,256
889,98
890,715
891,745
892,910
893,288
894,256
895,98
896,718
897,745
898,924
899,288
900,258
901,86
902,715
903,745
904,911
905,288
906,256
907,98
908,715
909,745
910,911
911,288
912,255
913,98
914,715
915,745
916,911
917,288
918,256
919,98
920,715
921,745
922,911
923,288
924,256
925,98
926,715
927,745
928,925
929,288
930,256
931,98
932,715
933,745
934,932
935,288
936,256
937,98
938,715
939,739
940,910
941,288
942,258
943,86
944,711
945,745
946,911
947,288
948,255
949,97
950,715
951,745
952,924
953,288
954,256
955,99
956,715
957,745
958,925
959,288
960,256
961,99
962,715
963,746
964,911
965,288
966,256
967,98
968,711
969,745
970,911
971,288
972,256
973,98
974,715
975,745
976,911
977,288
978,255
979,98
980,715
981,745
982,924
983,288
984,258
985,86
986,711
987,742
988,911
989,288
990,256
991,98
992,715
993,745
994,911
995,288
996,256
997,98
998,715
999,745
1000,924
