574
1,995
2,556
3,919
4,1023
5,241
6,912
7,395
8,805
9,384
10,781
11,1023
12,209
13,795
14,330
15,739
16,327
17,744
18,998
19,228
20,745
21,310
22,718
23,307
24,0
25,886
26,252
27,722
28,304
29,710
30,291
31,3
32,807
33,271
34,711
35,301
36,709
37,1023
38,104
39,769
40,283
41,706
42,300
43,718
44,1023
45,182
46,737
47,293
48,704
49,297
50,712
51,942
52,220
53,722
54,296
55,704
56,295
57,0
58,844
59,252
60,712
61,299
62,705
63,289
64,33
65,796
66,272
67,706
68,298
69,707
70,1023
71,125
72,758
73,285
74,703
75,298
76,718
77,1023
78,188
79,734
80,293
81,703
82,296
83,0
84,900
85,230
86,715
87,296
88,704
89,289
90,0
91,826
92,258
93,709
94,298
95,705
96,287
97,62
98,783
99,276
100,705
101,298
102,708
103,1023
104,145
105,749
106,287
107,703
108,297
109,716
110,991
111,202
112,728
113,294
114,703
115,295
116,0
117,887
118,239
119,715
120,296
121,704
122,289
123,0
124,817
125,264
126,707
127,299
128,707
129,1023
130,101
131,772
132,281
133,704
134,298
135,709
136,1023
137,163
138,742
139,289
140,702
141,296
142,712
143,956
144,214
145,723
146,295
147,703
148,295
149,0
150,864
151,247
152,713
153,297
154,704
155,279
156,15
157,802
158,269
159,706
160,299
161,705
162,1023
163,125
164,757
165,283
166,703
167,297
168,711
169,1023
170,180
171,730
172,290
173,702
174,296
175,712
176,912
177,225
178,719
179,296
180,703
181,294
182,0
183,844
184,254
185,710
186,297
187,705
188,279
189,47
190,789
191,274
192,705
193,298
194,707
195,1023
196,146
197,753
198,286
199,703
200,297
201,718
202,1009
203,194
204,730
205,293
206,702
207,295
208,0
209,899
210,235
211,716
212,297
213,703
214,289
215,0
216,825
217,264
218,708
219,298
220,705
221,287
222,75
223,778
224,278
225,704
226,298
227,707
228,1023
229,155
230,746
231,289
232,703
233,297
234,716
235,973
236,208
237,725
238,294
239,702
240,295
241,0
242,874
243,244
244,714
245,297
246,704
247,289
248,0
249,810
250,266
251,707
252,298
253,706
254,1023
255,102
256,758
257,281
258,703
259,298
260,711
261,1023
262,172
263,739
264,290
265,702
266,296
267,712
268,941
269,219
270,721
271,295
272,703
273,294
274,0
275,853
276,251
277,711
278,298
279,704
280,279
281,32
282,796
283,271
284,705
285,298
286,707
287,1023
288,125
289,757
290,284
291,703
292,297
293,718
294,1023
295,188
296,733
297,292
298,702
299,295
300,0
301,899
302,234
303,716
304,296
305,703
306,292
307,0
308,826
309,258
310,709
311,299
312,705
313,291
314,63
315,782
316,276
317,703
318,298
319,706
320,1023
321,154
322,749
323,286
324,703
325,297
326,716
327,990
328,202
329,728
330,294
331,703
332,295
333,0
334,887
335,239
336,715
337,296
338,704
339,289
340,0
341,817
342,269
343,707
344,298
345,706
346,1023
347,90
348,772
349,280
350,704
351,297
352,709
353,1023
354,163
355,742
356,289
357,703
358,297
359,712
360,956
361,214
362,723
363,295
364,703
365,295
366,0
367,863
368,247
369,712
370,297
371,704
372,279
373,15
374,802
375,269
376,706
377,298
378,706
379,1023
380,114
381,761
382,283
383,703
384,297
385,711
386,1023
387,180
388,733
389,292
390,703
391,296
392,712
393,925
394,225
395,719
396,296
397,703
398,294
399,0
400,834
401,254
402,710
403,298
404,705
405,279
406,47
407,789
408,274
409,705
410,298
411,706
412,1023
413,146
414,753
415,286
416,703
417,297
418,718
419,1009
420,194
421,730
422,292
423,702
424,296
425,0
426,899
427,243
428,716
429,297
430,704
431,289
432,0
433,826
434,260
435,708
436,298
437,705
438,287
439,75
440,777
441,278
442,704
443,298
444,708
445,1023
446,155
447,746
448,288
449,703
450,297
451,716
452,973
453,207
454,726
455,293
456,702
457,295
458,0
459,875
460,243
461,713
462,297
463,704
464,289
465,0
466,802
467,266
468,706
469,298
470,706
471,1023
472,113
473,761
474,283
475,703
476,298
477,711
478,1023
479,172
480,739
481,290
482,702
483,296
484,712
485,941
486,219
487,721
488,295
489,703
490,294
491,0
492,843
493,251
494,711
495,298
496,705
497,279
498,32
499,795
500,271
501,705
502,298
503,706
504,1023
505,125
506,757
507,284
508,703
509,297
510,718
511,1023
512,202
513,732
514,293
515,702
516,295
517,0
518,899
519,230
520,718
521,296
522,703
523,292
524,0
525,834
526,258
527,709
528,298
529,704
530,287
531,63
532,782
533,275
534,704
535,297
536,707
537,1023
538,145
539,749
540,287
541,702
542,297
543,716
544,990
545,202
546,728
547,294
548,702
549,296
550,0
551,887
552,238
553,715
554,296
555,704
556,289
557,0
558,810
559,266
560,707
561,298
562,705
563,1023
564,89
565,771
566,279
567,704
568,297
569,709
570,1023
571,163
572,742
573,289
574,702
575,296
576,712
577,956
578,214
579,723
580,295
581,703
582,295
583,0
584,864
585,247
586,712
587,297
588,704
589,279
590,15
591,802
592,269
593,706
594,298
595,706
596,1023
597,114
598,753
599,283
600,703
601,297
602,718
603,1023
604,180
605,735
606,291
607,703
608,296
609,710
610,926
611,225
612,719
613,296
614,703
615,294
616,0
617,834
618,255
619,710
620,298
621,704
622,287
623,48
624,788
625,274
626,704
627,299
628,706
629,1023
630,136
631,753
632,286
633,703
634,297
635,718
636,1009
637,194
638,730
639,292
640,702
641,296
642,0
643,899
644,239
645,717
646,297
647,703
648,289
649,0
650,826
651,260
652,708
653,297
654,705
655,287
656,75
657,777
658,278
659,704
660,298
661,707
662,1023
663,155
664,746
665,288
666,703
667,297
668,716
669,973
670,208
671,726
672,294
673,703
674,295
675,0
676,875
677,244
678,713
679,297
680,704
681,289
682,0
683,795
684,266
685,706
686,298
687,706
688,1023
689,113
690,766
691,281
692,704
693,298
694,711
695,1023
696,173
697,739
698,291
699,702
700,296
701,712
702,940
703,219
704,720
705,295
706,702
707,294
708,0
709,852
710,251
711,711
712,298
713,705
714,279
715,32
716,795
717,271
718,705
719,298
720,706
721,1023
722,124
723,757
724,284
725,703
726,297
727,718
728,1008
729,187
730,730
731,293
732,702
733,295
734,0
735,899
736,229
737,718
738,296
739,703
740,292
741,0
742,825
743,258
744,709
745,298
746,705
747,287
748,62
749,782
750,275
751,704
752,298
753,707
754,1023
755,145
756,749
757,287
758,702
759,297
760,716
761,990
762,202
763,727
764,293
765,703
766,295
767,0
768,864
769,239
770,713
771,297
772,704
773,289
774,0
775,817
776,264
777,707
778,299
779,705
780,1023
781,89
782,770
783,279
784,703
785,297
786,709
787,1023
788,163
789,742
790,289
791,702
792,296
793,712
794,957
795,214
796,723
797,295
798,703
799,295
800,0
801,863
802,247
803,712
804,297
805,704
806,279
807,15
808,802
809,269
810,706
811,298
812,706
813,1023
814,113
815,757
816,284
817,703
818,297
819,711
820,1023
821,179
822,736
823,291
824,702
825,296
826,710
827,926
828,225
829,720
830,296
831,703
832,294
833,0
834,843
835,254
836,709
837,297
838,704
839,279
840,47
841,789
842,273
843,705
844,298
845,707
846,1023
847,136
848,754
849,285
850,703
851,297
852,718
853,1009
854,207
855,730
856,293
857,703
858,295
859,0
860,899
861,235
862,716
863,296
864,703
865,289
866,0
867,817
868,260
869,708
870,297
871,705
872,287
873,75
874,777
875,278
876,704
877,298
878,708
879,1023
880,155
881,746
882,288
883,702
884,296
885,716
886,973
887,205
888,726
889,294
890,703
891,295
892,0
893,875
894,243
895,713
896,298
897,703
898,279
899,15
900,802
901,269
902,706
903,298
904,705
905,1023
906,102
907,767
908,281
909,704
910,298
911,711
912,1023
913,172
914,739
915,290
916,702
917,296
918,712
919,941
920,219
921,722
922,295
923,703
924,295
925,0
926,843
927,251
928,711
929,298
930,703
931,279
932,32
933,795
934,271
935,705
936,298
937,706
938,1023
939,135
940,752
941,285
942,703
943,297
944,718
945,1023
946,188
947,733
948,292
949,702
950,295
951,0
952,899
953,229
954,718
955,296
956,703
957,292
958,0
959,825
960,258
961,709
962,298
963,705
964,287
965,62
966,782
967,276
968,704
969,298
970,707
971,1023
972,145
973,749
974,287
975,703
976,297
977,716
978,990
979,202
980,727
981,294
982,702
983,295
984,0
985,886
986,243
987,714
988,297
989,703
990,289
991,0
992,809
993,264
994,707
995,298
996,705
997,1023
998,89
999,772
1000,279
