159
1,563
2,923
3,934
4,949
5,531
6,454
7,382
8,777
9,783
10,821
11,348
12,381
13,321
14,940
15,712
16,761
17,801
18,362
19,304
20,257
21,673
22,727
23,772
24,363
25,306
26,257
27,653
28,705
29,754
30,349
31,315
32,264
33,695
34,686
35,738
36,190
37,327
38,274
39,1023
40,668
41,723
42,768
43,342
44,288
45,242
46,651
47,708
48,755
49,353
50,300
51,252
52,647
53,693
54,743
55,322
56,315
57,264
58,754
59,677
60,731
61,29
62,331
63,276
64,227
65,661
66,717
67,762
68,346
69,290
70,243
71,646
72,703
73,751
74,352
75,304
76,255
77,657
78,687
79,739
80,280
81,319
82,267
83,876
84,671
85,725
86,769
87,335
88,280
89,236
90,655
91,711
92,759
93,350
94,295
95,248
96,643
97,697
98,746
99,343
100,308
101,259
102,686
103,681
104,734
105,197
106,324
107,272
108,1023
109,665
110,721
111,767
112,340
113,285
114,239
115,649
116,707
117,755
118,351
119,298
120,250
121,646
122,692
123,742
124,324
125,313
126,263
127,745
128,677
129,730
130,47
131,329
132,276
133,227
134,660
135,716
136,762
137,344
138,289
139,243
140,645
141,702
142,751
143,352
144,304
145,256
146,656
147,688
148,738
149,284
150,318
151,266
152,860
153,672
154,725
155,0
156,334
157,280
158,235
159,655
160,712
161,759
162,349
163,293
164,247
165,643
166,698
167,747
168,344
169,308
170,258
171,676
172,682
173,734
174,217
175,324
176,271
177,1023
178,665
179,721
180,766
181,339
182,284
183,239
184,649
185,707
186,755
187,352
188,298
189,250
190,645
191,693
192,743
193,327
194,313
195,262
196,738
197,678
198,730
199,65
200,328
201,275
202,231
203,660
204,717
205,763
206,344
207,288
208,243
209,645
210,703
211,751
212,351
213,303
214,254
215,653
216,688
217,738
218,293
219,318
220,266
221,847
222,672
223,726
224,0
225,334
226,279
227,235
228,655
229,712
230,759
231,349
232,293
233,246
234,643
235,698
236,747
237,345
238,307
239,258
240,679
241,683
242,734
243,216
244,323
245,271
246,1023
247,667
248,722
249,767
250,339
251,284
252,239
253,650
254,707
255,754
256,352
257,298
258,250
259,644
260,692
261,743
262,329
263,312
264,262
265,731
266,678
267,731
268,81
269,328
270,275
271,231
272,661
273,717
274,763
275,344
276,288
277,243
278,646
279,703
280,751
281,352
282,302
283,253
284,653
285,688
286,739
287,293
288,317
289,266
290,834
291,672
292,727
293,0
294,333
295,279
296,235
297,656
298,713
299,759
300,348
301,293
302,246
303,643
304,698
305,747
306,346
307,307
308,257
309,675
310,683
311,735
312,225
313,322
314,270
315,1023
316,667
317,722
318,767
319,338
320,283
321,238
322,651
323,708
324,756
325,352
326,298
327,250
328,644
329,693
330,743
331,331
332,312
333,262
334,725
335,677
336,730
337,97
338,327
339,274
340,230
341,662
342,717
343,764
344,343
345,288
346,242
347,646
348,704
349,752
350,351
351,301
352,253
353,652
354,689
355,740
356,298
357,317
358,266
359,822
360,673
361,726
362,0
363,333
364,278
365,234
366,656
367,713
368,760
369,347
370,292
371,245
372,643
373,699
374,748
375,347
376,307
377,257
378,673
379,684
380,735
381,234
382,322
383,269
384,981
385,668
386,722
387,767
388,338
389,283
390,237
391,651
392,708
393,756
394,352
395,297
396,249
397,644
398,694
399,744
400,333
401,311
402,261
403,719
404,679
405,731
406,112
407,327
408,274
409,231
410,662
411,717
412,763
413,343
414,287
415,241
416,647
417,704
418,752
419,351
420,301
421,252
422,650
423,689
424,740
425,302
426,317
427,265
428,799
429,673
430,727
431,0
432,332
433,278
434,234
435,656
436,713
437,760
438,347
439,291
440,245
441,643
442,699
443,749
444,348
445,306
446,257
447,670
448,685
449,735
450,240
451,321
452,269
453,982
454,668
455,722
456,780
457,337
458,282
459,238
460,651
461,709
462,757
463,351
464,296
465,249
466,644
467,694
468,745
469,334
470,311
471,260
472,707
473,679
474,731
475,140
476,327
477,274
478,230
479,663
480,718
481,764
482,342
483,287
484,241
485,647
486,705
487,752
488,352
489,301
490,252
491,650
492,690
493,740
494,306
495,316
496,265
497,800
498,674
499,728
500,0
501,331
502,277
503,233
504,657
505,714
506,760
507,347
508,291
509,245
510,644
511,699
512,748
513,349
514,306
515,257
516,665
517,685
518,736
519,248
520,320
521,269
522,962
523,669
524,723
525,780
526,337
527,282
528,237
529,652
530,709
531,757
532,351
533,296
534,248
535,643
536,695
537,744
538,336
539,310
540,260
541,708
542,679
543,732
544,140
545,326
546,273
547,1023
548,663
549,719
550,765
551,342
552,286
553,240
554,647
555,705
556,753
557,352
558,301
559,253
560,648
561,689
562,740
563,310
564,315
565,264
566,789
567,674
568,728
569,0
570,331
571,277
572,233
573,658
574,714
575,761
576,347
577,291
578,245
579,644
580,700
581,749
582,349
583,305
584,256
585,665
586,685
587,737
588,255
589,320
590,268
591,942
592,669
593,724
594,776
595,336
596,282
597,237
598,653
599,709
600,757
601,350
602,295
603,248
604,643
605,695
606,745
607,338
608,310
609,260
610,703
611,680
612,733
613,153
614,325
615,273
616,1023
617,663
618,719
619,765
620,342
621,286
622,240
623,647
624,705
625,753
626,352
627,300
628,252
629,648
630,690
631,742
632,313
633,315
634,264
635,780
636,675
637,728
638,0
639,331
640,277
641,232
642,657
643,714
644,761
645,346
646,291
647,244
648,644
649,700
650,750
651,349
652,304
653,255
654,663
655,686
656,737
657,261
658,320
659,269
660,924
661,670
662,724
663,776
664,336
665,281
666,236
667,653
668,710
669,757
670,350
671,295
672,247
673,643
674,696
675,745
676,340
677,310
678,260
679,698
680,680
681,732
682,164
683,325
684,272
685,1023
686,664
687,720
688,765
689,342
690,285
691,240
692,647
693,705
694,754
695,353
696,300
697,251
698,646
699,691
700,741
701,316
702,314
703,263
704,770
705,675
706,729
707,0
708,331
709,277
710,232
711,659
712,715
713,762
714,346
715,290
716,244
717,644
718,700
719,750
720,350
721,304
722,255
723,661
724,685
725,737
726,274
727,320
728,268
729,891
730,670
731,724
732,768
733,335
734,280
735,236
736,653
737,710
738,758
739,350
740,294
741,247
742,643
743,696
744,746
745,341
746,309
747,259
748,694
749,681
750,734
751,176
752,324
753,271
754,1023
755,665
756,720
757,765
758,341
759,285
760,240
761,649
762,706
763,754
764,352
765,299
766,251
767,647
768,692
769,742
770,321
771,314
772,264
773,753
774,674
775,729
776,9
777,330
778,276
779,232
780,660
781,715
782,762
783,345
784,289
785,243
786,644
787,702
788,750
789,350
790,304
791,255
792,659
793,686
794,737
795,274
796,320
797,267
798,891
799,670
800,724
801,768
802,335
803,280
804,235
805,654
806,711
807,758
808,350
809,294
810,247
811,643
812,696
813,746
814,343
815,309
816,259
817,689
818,681
819,733
820,187
821,324
822,271
823,1023
824,665
825,720
826,766
827,341
828,285
829,239
830,649
831,706
832,754
833,352
834,298
835,250
836,646
837,692
838,742
839,322
840,314
841,263
842,752
843,677
844,729
845,29
846,329
847,276
848,227
849,660
850,716
851,762
852,345
853,289
854,243
855,645
856,701
857,750
858,351
859,304
860,255
861,658
862,687
863,738
864,279
865,319
866,267
867,875
868,671
869,725
870,769
871,335
872,280
873,236
874,654
875,710
876,757
877,350
878,294
879,247
880,643
881,697
882,747
883,343
884,308
885,258
886,686
887,682
888,734
889,197
890,324
891,271
892,1023
893,665
894,721
895,766
896,340
897,284
898,239
899,650
900,706
901,754
902,351
903,298
904,250
905,645
906,692
907,742
908,324
909,313
910,263
911,745
912,677
913,730
914,47
915,329
916,275
917,227
918,660
919,717
920,762
921,345
922,289
923,242
924,645
925,702
926,751
927,352
928,303
929,254
930,655
931,687
932,738
933,284
934,318
935,266
936,861
937,671
938,726
939,0
940,334
941,280
942,235
943,656
944,711
945,759
946,349
947,294
948,247
949,643
950,696
951,746
952,344
953,308
954,258
955,682
956,681
957,735
958,207
959,323
960,271
961,1023
962,667
963,721
964,767
965,339
966,284
967,238
968,650
969,707
970,755
971,351
972,298
973,250
974,645
975,693
976,743
977,327
978,313
979,262
980,738
981,677
982,730
983,82
984,328
985,275
986,227
987,660
988,717
989,763
990,344
991,288
992,242
993,645
994,703
995,751
996,352
997,303
998,254
999,655
1000,688
