198
1,1016
2,973
3,981
4,542
5,457
6,891
7,825
8,857
9,433
10,365
11,825
12,755
13,797
14,383
15,323
16,808
17,721
18,769
19,360
20,304
21,815
22,706
23,755
24,349
25,295
26,837
27,697
28,747
29,344
30,292
31,869
32,692
33,743
34,342
35,290
36,910
37,688
38,739
39,340
40,290
41,959
42,686
43,737
44,339
45,291
46,999
47,683
48,735
49,337
50,292
51,1023
52,682
53,735
54,337
55,292
56,1023
57,680
58,733
59,336
60,293
61,1023
62,679
63,732
64,334
65,294
66,247
67,677
68,731
69,330
70,295
71,243
72,676
73,729
74,327
75,296
76,248
77,674
78,728
79,324
80,298
81,250
82,673
83,726
84,318
85,299
86,251
87,671
88,725
89,314
90,300
91,252
92,669
93,723
94,304
95,302
96,253
97,668
98,723
99,294
100,302
101,253
102,666
103,721
104,283
105,304
106,255
107,665
108,720
109,270
110,305
111,256
112,664
113,719
114,253
115,306
116,257
117,663
118,718
119,233
120,307
121,258
122,662
123,717
124,210
125,309
126,259
127,661
128,716
129,183
130,311
131,260
132,660
133,714
134,162
135,312
136,261
137,660
138,713
139,113
140,313
141,262
142,658
143,712
144,68
145,315
146,263
147,658
148,710
149,14
150,315
151,264
152,658
153,709
154,0
155,317
156,266
157,659
158,708
159,0
160,319
161,267
162,660
163,707
164,0
165,320
166,268
167,661
168,704
169,753
170,321
171,268
172,663
173,704
174,764
175,323
176,271
177,666
178,703
179,751
180,324
181,272
182,669
183,701
184,751
185,325
186,272
187,673
188,700
189,749
190,327
191,274
192,679
193,699
194,748
195,328
196,275
197,686
198,697
199,748
200,329
201,275
202,694
203,696
204,746
205,330
206,277
207,706
208,695
209,744
210,332
211,278
212,719
213,694
214,744
215,332
216,280
217,729
218,692
219,742
220,334
221,280
222,753
223,691
224,742
225,335
226,282
227,777
228,690
229,741
230,336
231,283
232,805
233,689
234,740
235,336
236,284
237,837
238,687
239,739
240,337
241,286
242,876
243,686
244,737
245,337
246,287
247,922
248,683
249,735
250,337
251,288
252,977
253,683
254,735
255,336
256,288
257,1023
258,681
259,733
260,337
261,290
262,1023
263,680
264,733
265,335
266,291
267,1023
268,678
269,731
270,334
271,292
272,246
273,677
274,730
275,332
276,294
277,247
278,676
279,729
280,330
281,295
282,243
283,674
284,728
285,325
286,296
287,248
288,673
289,727
290,321
291,298
292,250
293,671
294,726
295,317
296,299
297,251
298,669
299,724
300,311
301,301
302,252
303,669
304,722
305,300
306,301
307,253
308,667
309,722
310,291
311,303
312,254
313,666
314,722
315,278
316,304
317,255
318,664
319,720
320,263
321,306
322,256
323,663
324,718
325,247
326,307
327,257
328,662
329,717
330,226
331,308
332,258
333,661
334,716
335,201
336,309
337,259
338,660
339,715
340,173
341,311
342,261
343,660
344,714
345,151
346,313
347,262
348,659
349,713
350,97
351,313
352,262
353,658
354,711
355,51
356,315
357,264
358,658
359,710
360,0
361,317
362,265
363,658
364,709
365,0
366,318
367,266
368,659
369,707
370,0
371,319
372,267
373,660
374,706
375,0
376,320
377,268
378,662
379,705
380,752
381,321
382,269
383,664
384,703
385,764
386,323
387,270
388,666
389,702
390,751
391,325
392,272
393,670
394,701
395,750
396,326
397,273
398,675
399,700
400,748
401,327
402,274
403,681
404,698
405,748
406,328
407,275
408,689
409,697
410,747
411,330
412,276
413,698
414,696
415,746
416,331
417,277
418,710
419,695
420,745
421,332
422,278
423,724
424,693
425,743
426,333
427,280
428,735
429,691
430,742
431,334
432,281
433,761
434,690
435,741
436,335
437,282
438,786
439,689
440,740
441,336
442,283
443,815
444,688
445,739
446,337
447,284
448,849
449,686
450,738
451,337
452,285
453,889
454,685
455,738
456,337
457,287
458,939
459,684
460,736
461,337
462,288
463,997
464,683
465,735
466,337
467,289
468,1023
469,681
470,733
471,336
472,290
473,1023
474,679
475,731
476,335
477,292
478,1023
479,677
480,730
481,333
482,293
483,246
484,676
485,730
486,331
487,294
488,243
489,675
490,729
491,328
492,295
493,248
494,674
495,728
496,325
497,297
498,249
499,673
500,726
501,319
502,298
503,250
504,671
505,725
506,314
507,299
508,251
509,669
510,724
511,307
512,301
513,253
514,668
515,722
516,300
517,302
518,253
519,667
520,721
521,287
522,303
523,254
524,665
525,720
526,275
527,305
528,255
529,664
530,719
531,259
532,306
533,256
534,662
535,718
536,240
537,307
538,257
539,662
540,717
541,218
542,309
543,259
544,661
545,716
546,193
547,310
548,260
549,660
550,715
551,162
552,311
553,261
554,659
555,712
556,138
557,313
558,262
559,658
560,711
561,83
562,314
563,263
564,658
565,711
566,34
567,315
568,264
569,659
570,709
571,0
572,317
573,265
574,659
575,708
576,0
577,318
578,266
579,659
580,707
581,0
582,319
583,267
584,661
585,705
586,753
587,320
588,268
589,662
590,704
591,760
592,322
593,270
594,664
595,703
596,751
597,323
598,271
599,666
600,702
601,751
602,325
603,272
604,672
605,701
606,749
607,327
608,273
609,676
610,699
611,749
612,328
613,274
614,683
615,698
616,747
617,328
618,275
619,692
620,697
621,746
622,330
623,277
624,701
625,695
626,746
627,332
628,278
629,716
630,694
631,743
632,332
633,279
634,728
635,691
636,743
637,333
638,280
639,747
640,690
641,742
642,335
643,282
644,761
645,690
646,741
647,335
648,282
649,794
650,689
651,740
652,336
653,283
654,825
655,687
656,738
657,336
658,285
659,862
660,686
661,737
662,337
663,286
664,906
665,684
666,736
667,336
668,287
669,957
670,683
671,735
672,337
673,288
674,1018
675,682
676,734
677,337
678,290
679,1023
680,681
681,733
682,336
683,291
684,1023
685,679
686,731
687,335
688,292
689,1023
690,677
691,731
692,333
693,293
694,247
695,676
696,730
697,330
698,295
699,243
700,675
701,729
702,327
703,296
704,248
705,673
706,728
707,323
708,298
709,250
710,672
711,726
712,318
713,299
714,250
715,671
716,725
717,311
718,299
719,251
720,669
721,724
722,304
723,301
724,252
725,668
726,722
727,298
728,303
729,254
730,667
731,721
732,283
733,304
734,254
735,665
736,720
737,269
738,305
739,256
740,664
741,719
742,253
743,306
744,257
745,662
746,718
747,233
748,307
749,257
750,662
751,717
752,210
753,309
754,259
755,661
756,715
757,183
758,310
759,260
760,660
761,714
762,151
763,312
764,261
765,658
766,713
767,113
768,312
769,262
770,658
771,711
772,83
773,314
774,263
775,659
776,711
777,14
778,316
779,265
780,659
781,709
782,0
783,317
784,266
785,659
786,707
787,0
788,318
789,267
790,660
791,706
792,0
793,320
794,268
795,661
796,705
797,752
798,321
799,268
800,663
801,704
802,760
803,322
804,270
805,665
806,702
807,751
808,324
809,272
810,669
811,702
812,750
813,326
814,273
815,672
816,700
817,749
818,326
819,273
820,679
821,699
822,748
823,328
824,275
825,686
826,697
827,747
828,329
829,276
830,695
831,696
832,746
833,330
834,277
835,705
836,695
837,745
838,332
839,278
840,718
841,693
842,743
843,333
844,279
845,734
846,692
847,743
848,334
849,280
850,754
851,691
852,742
853,334
854,282
855,769
856,689
857,740
858,336
859,283
860,804
861,688
862,739
863,336
864,284
865,837
866,687
867,737
868,336
869,285
870,876
871,685
872,737
873,337
874,286
875,922
876,684
877,736
878,337
879,288
880,976
881,683
882,735
883,336
884,288
885,1023
886,681
887,734
888,336
889,290
890,1023
891,680
892,732
893,336
894,292
895,1023
896,679
897,732
898,334
899,292
900,246
901,677
902,730
903,331
904,293
905,247
906,676
907,729
908,329
909,295
910,243
911,674
912,728
913,326
914,296
915,248
916,673
917,727
918,321
919,297
920,249
921,671
922,726
923,316
924,299
925,251
926,670
927,725
928,309
929,300
930,252
931,668
932,723
933,300
934,301
935,253
936,667
937,722
938,290
939,303
940,254
941,666
942,721
943,283
944,305
945,255
946,665
947,720
948,264
949,305
950,256
951,663
952,719
953,246
954,306
955,256
956,662
957,717
958,226
959,308
960,258
961,661
962,716
963,202
964,309
965,259
966,660
967,715
968,173
969,310
970,260
971,660
972,713
973,139
974,312
975,262
976,659
977,712
978,98
979,313
980,263
981,659
982,711
983,67
984,315
985,264
986,659
987,709
988,0
989,317
990,265
991,658
992,708
993,0
994,318
995,266
996,659
997,708
998,0
999,319
1000,267
