103
1,2
2,2
3,1
4,0
5,0
6,0
7,0
8,0
9,0
10,0
11,0
12,0
13,0
14,412
15,483
16,562
17,631
18,688
19,295
20,253
21,210
22,177
23,148
24,568
25,637
26,695
27,743
28,782
29,346
30,288
31,242
32,203
33,716
34,628
35,688
36,738
37,780
38,365
39,337
40,282
41,237
42,200
43,601
44,661
45,716
46,762
47,800
48,379
49,317
50,266
51,224
52,189
53,626
54,685
55,737
56,779
57,252
58,354
59,297
60,249
61,210
62,619
63,653
64,709
65,756
66,795
67,388
68,330
69,277
70,234
71,197
72,613
73,678
74,729
75,773
76,808
77,368
78,309
79,259
80,218
81,740
82,641
83,699
84,747
85,789
86,372
87,343
88,288
89,242
90,204
91,605
92,666
93,719
94,765
95,802
96,382
97,319
98,269
99,226
100,191
101,627
102,689
103,739
104,781
105,262
106,356
107,299
108,251
109,212
110,620
111,654
112,710
113,757
114,796
115,389
116,331
117,278
118,234
119,198
120,614
121,678
122,730
123,773
124,809
125,369
126,309
127,260
128,219
129,740
130,642
131,700
132,748
133,789
134,371
135,343
136,287
137,242
138,204
139,605
140,666
141,720
142,765
143,804
144,382
145,320
146,269
147,226
148,191
149,627
150,689
151,739
152,781
153,262
154,356
155,298
156,251
157,212
158,619
159,653
160,710
161,757
162,795
163,389
164,331
165,278
166,234
167,198
168,614
169,677
170,729
171,774
172,809
173,369
174,309
175,260
176,219
177,731
178,641
179,700
180,748
181,789
182,371
183,343
184,288
185,242
186,204
187,605
188,666
189,720
190,765
191,803
192,382
193,320
194,269
195,227
196,191
197,627
198,689
199,740
200,781
201,262
202,356
203,298
204,251
205,212
206,619
207,654
208,709
209,757
210,795
211,390
212,331
213,278
214,234
215,198
216,614
217,678
218,730
219,773
220,809
221,369
222,309
223,260
224,219
225,731
226,641
227,699
228,748
229,789
230,371
231,343
232,288
233,242
234,204
235,605
236,666
237,720
238,765
239,803
240,382
241,321
242,269
243,226
244,192
245,628
246,689
247,739
248,781
249,249
250,356
251,298
252,251
253,211
254,619
255,654
256,710
257,757
258,797
259,390
260,331
261,278
262,235
263,197
264,614
265,678
266,730
267,774
268,809
269,369
270,309
271,260
272,219
273,731
274,641
275,700
276,749
277,789
278,372
279,343
280,289
281,243
282,205
283,604
284,666
285,720
286,765
287,802
288,382
289,321
290,269
291,227
292,192
293,628
294,689
295,739
296,781
297,262
298,356
299,298
300,251
301,211
302,620
303,653
304,709
305,758
306,796
307,390
308,332
309,279
310,235
311,198
312,614
313,677
314,729
315,774
316,809
317,368
318,309
319,259
320,219
321,740
322,641
323,700
324,748
325,789
326,371
327,344
328,289
329,243
330,205
331,606
332,666
333,720
334,766
335,804
336,382
337,320
338,270
339,226
340,191
341,627
342,689
343,739
344,781
345,262
346,356
347,298
348,251
349,211
350,619
351,654
352,710
353,757
354,796
355,389
356,333
357,278
358,235
359,198
360,616
361,677
362,730
363,772
364,809
365,369
366,308
367,260
368,218
369,731
370,640
371,700
372,748
373,789
374,373
375,344
376,288
377,243
378,205
379,605
380,666
381,720
382,765
383,804
384,381
385,320
386,269
387,227
388,192
389,627
390,688
391,739
392,781
393,262
394,356
395,298
396,251
397,211
398,619
399,653
400,710
401,757
402,797
403,389
404,332
405,279
406,235
407,198
408,614
409,678
410,730
411,774
412,809
413,368
414,309
415,259
416,218
417,740
418,641
419,700
420,748
421,789
422,372
423,343
424,289
425,243
426,205
427,605
428,666
429,720
430,765
431,804
432,382
433,319
434,269
435,226
436,191
437,628
438,688
439,739
440,780
441,254
442,356
443,299
444,251
445,212
446,621
447,654
448,710
449,757
450,797
451,389
452,331
453,278
454,234
455,198
456,614
457,678
458,729
459,773
460,809
461,369
462,309
463,260
464,219
465,741
466,641
467,700
468,748
469,789
470,373
471,343
472,288
473,242
474,204
475,606
476,666
477,720
478,766
479,803
480,382
481,320
482,269
483,226
484,191
485,628
486,688
487,739
488,781
489,254
490,356
491,299
492,251
493,212
494,620
495,654
496,710
497,757
498,796
499,389
500,331
501,278
502,234
503,197
504,615
505,678
506,729
507,773
508,809
509,369
510,309
511,260
512,219
513,731
514,641
515,700
516,749
517,789
518,371
519,343
520,288
521,243
522,204
523,605
524,666
525,720
526,766
527,803
528,382
529,320
530,269
531,226
532,191
533,627
534,689
535,739
536,782
537,263
538,356
539,299
540,251
541,212
542,618
543,653
544,710
545,757
546,796
547,389
548,331
549,278
550,234
551,197
552,615
553,677
554,730
555,774
556,809
557,369
558,309
559,260
560,219
561,731
562,641
563,700
564,749
565,789
566,373
567,343
568,288
569,242
570,204
571,605
572,666
573,720
574,765
575,803
576,382
577,320
578,269
579,227
580,191
581,627
582,689
583,740
584,782
585,262
586,356
587,298
588,251
589,212
590,619
591,654
592,711
593,756
594,797
595,389
596,332
597,277
598,233
599,198
600,614
601,678
602,730
603,773
604,809
605,369
606,309
607,260
608,219
609,740
610,641
611,699
612,749
613,789
614,371
615,343
616,288
617,242
618,204
619,605
620,665
621,720
622,765
623,803
624,382
625,320
626,269
627,226
628,191
629,628
630,689
631,739
632,781
633,249
634,355
635,298
636,251
637,211
638,620
639,654
640,710
641,756
642,796
643,390
644,332
645,278
646,234
647,198
648,614
649,677
650,730
651,773
652,809
653,369
654,309
655,260
656,219
657,731
658,641
659,699
660,749
661,789
662,372
663,343
664,289
665,242
666,205
667,605
668,666
669,719
670,765
671,802
672,382
673,320
674,270
675,226
676,191
677,628
678,688
679,739
680,781
681,253
682,355
683,297
684,251
685,211
686,619
687,655
688,711
689,756
690,797
691,390
692,332
693,279
694,235
695,198
696,614
697,678
698,730
699,773
700,809
701,369
702,308
703,259
704,218
705,731
706,640
707,700
708,748
709,788
710,371
711,343
712,289
713,242
714,205
715,604
716,666
717,720
718,766
719,803
720,382
721,320
722,269
723,227
724,191
725,628
726,689
727,739
728,781
729,262
730,355
731,298
732,250
733,211
734,618
735,653
736,710
737,757
738,796
739,389
740,333
741,278
742,235
743,198
744,615
745,677
746,730
747,773
748,810
749,369
750,308
751,260
752,218
753,730
754,640
755,700
756,748
757,789
758,374
759,344
760,288
761,243
762,205
763,605
764,666
765,721
766,765
767,803
768,381
769,320
770,269
771,227
772,192
773,627
774,688
775,739
776,781
777,262
778,356
779,298
780,251
781,211
782,618
783,654
784,710
785,757
786,796
787,389
788,332
789,278
790,235
791,198
792,615
793,678
794,730
795,773
796,809
797,369
798,308
799,259
800,218
801,731
802,641
803,699
804,748
805,789
806,372
807,343
808,288
809,243
810,205
811,605
812,666
813,720
814,766
815,803
816,382
817,320
818,269
819,226
820,191
821,628
822,688
823,739
824,780
825,254
826,356
827,299
828,251
829,211
830,620
831,654
832,710
833,757
834,796
835,389
836,331
837,278
838,234
839,198
840,614
841,678
842,730
843,774
844,809
845,369
846,308
847,260
848,219
849,730
850,641
851,699
852,748
853,789
854,371
855,344
856,288
857,243
858,205
859,605
860,666
861,720
862,766
863,803
864,381
865,320
866,268
867,226
868,191
869,628
870,689
871,739
872,781
873,263
874,357
875,298
876,252
877,211
878,618
879,654
880,710
881,756
882,796
883,389
884,331
885,278
886,234
887,198
888,615
889,678
890,730
891,774
892,809
893,370
894,309
895,261
896,219
897,740
898,641
899,700
900,749
901,789
902,371
903,343
904,288
905,242
906,205
907,605
908,666
909,720
910,766
911,803
912,382
913,319
914,269
915,226
916,191
917,628
918,688
919,739
920,781
921,253
922,356
923,299
924,251
925,212
926,621
927,653
928,710
929,757
930,796
931,389
932,331
933,278
934,234
935,198
936,615
937,677
938,730
939,773
940,809
941,369
942,309
943,260
944,219
945,731
946,641
947,701
948,748
949,789
950,373
951,344
952,288
953,243
954,204
955,605
956,666
957,720
958,765
959,803
960,382
961,320
962,269
963,226
964,191
965,627
966,689
967,739
968,782
969,262
970,356
971,298
972,252
973,212
974,619
975,654
976,710
977,756
978,796
979,389
980,332
981,278
982,234
983,198
984,615
985,678
986,730
987,774
988,809
989,369
990,310
991,260
992,219
993,740
994,642
995,699
996,749
997,789
998,371
999,343
1000,288
