1,0
2,0
3,1022
4,1022
5,1022
6,1022
7,1021
8,1022
9,1021
10,1022
11,1022
12,1022
13,0
14,0
15,0
16,0
17,0
18,0
19,0
20,0
21,0
22,0
23,1022
24,1021
25,1022
26,1022
27,1022
28,1022
29,1022
30,1022
31,1022
32,1022
33,0
34,0
35,0
36,0
37,0
38,0
39,0
40,0
41,0
42,0
43,1022
44,1022
45,1022
46,1022
47,1022
48,1022
49,1022
50,1022
51,1022
52,1022
53,0
54,0
55,0
56,0
57,0
58,0
59,0
60,0
61,0
62,0
63,1022
64,1022
65,1022
66,1022
67,1022
68,1022
69,1022
70,1022
71,1022
72,1022
73,0
74,0
75,0
76,0
77,0
78,0
79,0
80,0
81,0
82,0
83,1021
84,1022
85,1022
86,1022
87,1022
88,1022
89,1022
90,1022
91,1022
92,1022
93,0
94,0
95,0
96,0
97,0
98,0
99,0
100,0
