1,486
2,416
3,351
4,444
5,534
6,607
7,669
8,720
9,764
10,801
11,833
12,762
13,641
14,540
15,456
16,386
17,327
18,278
19,236
20,245
21,367
22,467
23,549
24,619
25,678
26,727
27,770
28,805
29,682
30,574
31,484
32,409
33,346
34,293
35,249
36,211
37,282
38,396
39,490
40,569
41,635
42,691
43,740
44,779
45,762
46,639
47,537
48,454
49,384
50,325
51,275
52,234
53,200
54,326
55,431
56,520
57,594
58,656
59,709
60,754
61,792
62,714
63,600
64,505
65,427
66,361
67,306
68,259
69,220
70,244
71,365
72,464
73,547
74,617
75,676
76,725
77,768
78,795
79,670
80,563
81,475
82,402
83,339
84,287
85,244
86,208
87,292
88,403
89,495
90,573
91,639
92,695
93,742
94,782
95,751
96,630
97,529
98,447
99,378
100,320
101,271
102,230
103,207
104,334
105,438
106,525
107,598
108,661
109,712
110,757
111,795
112,704
113,591
114,497
115,420
116,356
117,301
118,255
119,217
120,255
121,375
122,472
123,553
124,622
125,680
126,729
127,771
128,786
129,660
130,555
131,469
132,396
133,335
134,284
135,241
136,204
137,300
138,411
139,501
140,579
141,644
142,698
143,745
144,784
145,740
146,619
147,522
148,440
149,372
150,315
151,267
152,227
153,217
154,344
155,446
156,532
157,604
158,665
159,716
160,760
161,797
162,694
163,582
164,491
165,415
166,351
167,297
168,252
169,215
170,265
171,383
172,479
173,559
174,627
175,684
176,733
177,774
178,777
179,651
180,548
181,463
182,390
183,330
184,280
185,238
186,202
187,310
188,419
189,509
190,585
191,649
192,703
193,749
194,788
195,730
196,611
197,515
198,435
199,368
200,311
201,264
202,224
203,227
204,352
205,453
206,538
207,609
208,669
209,719
210,763
211,800
212,684
213,574
214,485
215,409
216,346
217,294
218,249
219,211
220,275
221,391
222,486
223,565
224,633
225,688
226,736
227,777
228,768
229,642
230,540
231,456
232,385
233,326
234,276
235,234
236,198
237,321
238,427
239,516
240,590
241,653
242,706
243,752
244,790
245,719
246,603
247,508
248,429
249,362
250,307
251,260
252,221
253,238
254,361
255,461
256,544
257,614
258,673
259,723
260,766
261,798
262,675
263,567
264,478
265,403
266,342
267,289
268,246
269,209
270,285
271,399
272,493
273,570
274,636
275,692
276,740
277,781
278,756
279,633
280,532
281,449
282,380
283,322
284,272
285,231
286,203
287,330
288,435
289,521
290,596
291,658
292,711
293,755
294,793
295,709
296,594
297,501
298,423
299,358
300,303
301,257
302,218
303,250
304,369
305,468
306,550
307,619
308,678
309,727
310,769
311,791
312,666
313,559
314,472
315,398
316,337
317,285
318,242
319,206
320,296
321,407
322,498
323,576
324,642
325,697
326,743
327,783
328,745
329,624
330,525
331,443
332,375
333,317
334,269
335,228
336,211
337,339
338,442
339,528
340,601
341,663
342,714
343,758
344,796
345,698
346,587
347,495
348,417
349,353
350,299
351,253
352,215
353,260
354,378
355,475
356,556
357,625
358,682
359,731
360,772
361,782
362,655
363,551
364,465
365,393
366,332
367,282
368,239
369,203
370,305
371,415
372,506
373,582
374,647
375,701
376,747
377,786
378,736
379,616
380,519
381,438
382,370
383,313
384,266
385,226
386,223
387,348
388,449
389,534
390,607
391,667
392,718
393,761
394,799
395,688
396,578
397,488
398,412
399,348
400,295
401,250
402,212
403,270
404,387
405,482
406,561
407,629
408,687
409,735
410,776
411,772
412,647
413,543
414,458
415,388
416,328
417,278
418,236
419,200
420,316
421,423
422,512
423,588
424,651
425,704
426,750
427,789
428,723
429,608
430,512
431,432
432,365
433,309
434,262
435,222
436,233
437,357
438,457
439,541
440,612
441,672
442,722
443,765
444,800
445,679
446,570
447,481
448,406
449,344
450,291
451,247
452,209
453,281
454,395
455,489
456,568
457,634
458,691
459,738
460,779
461,761
462,637
463,536
464,453
465,382
466,323
467,274
468,233
469,200
470,324
471,430
472,518
473,592
474,655
475,708
476,753
477,791
478,714
479,598
480,504
481,426
482,360
483,305
484,258
485,220
486,244
487,366
488,465
489,547
490,617
491,676
492,726
493,768
494,795
495,669
496,562
497,474
498,401
499,339
500,288
501,244
502,207
503,291
504,403
505,496
506,574
507,639
508,695
509,742
510,782
511,751
512,628
513,530
514,447
515,378
516,320
517,271
518,230
519,207
520,334
521,439
522,525
523,599
524,660
525,712
526,757
527,795
528,704
529,590
530,497
531,420
532,355
533,301
534,255
535,217
536,254
537,374
538,471
539,553
540,622
541,680
542,729
543,771
544,787
545,660
546,555
547,468
548,395
549,334
550,284
551,240
552,204
553,301
554,411
555,502
556,579
557,644
558,698
559,745
560,784
561,741
562,621
563,523
564,441
565,373
566,315
567,268
568,227
569,217
570,344
571,447
572,532
573,604
574,665
575,717
576,760
577,797
578,694
579,582
580,491
581,415
582,351
583,297
584,252
585,213
586,264
587,382
588,478
589,559
590,626
591,684
592,732
593,774
594,777
595,650
596,547
597,462
598,391
599,331
600,280
601,238
602,202
603,310
604,419
605,509
606,584
607,649
608,702
609,748
610,787
611,729
612,611
613,514
614,434
615,367
616,311
617,263
618,224
619,227
620,352
621,453
622,538
623,609
624,669
625,720
626,763
627,800
628,683
629,574
630,484
631,409
632,346
633,293
634,249
635,211
636,276
637,391
638,486
639,565
640,632
641,688
642,736
643,777
644,766
645,642
646,540
647,456
648,385
649,326
650,277
651,234
652,199
653,321
654,427
655,516
656,591
657,654
658,707
659,752
660,791
661,719
662,603
663,508
664,429
665,362
666,307
667,260
668,221
669,238
670,361
671,461
672,544
673,614
674,673
675,724
676,766
677,798
678,674
679,566
680,478
681,403
682,341
683,289
684,245
685,208
686,287
687,398
688,492
689,571
690,637
691,693
692,740
693,780
694,756
695,633
696,532
697,450
698,380
699,321
700,273
701,231
702,203
703,330
704,435
705,522
706,596
707,658
708,711
709,755
710,793
711,709
712,594
713,501
714,423
715,357
716,303
717,257
718,218
719,249
720,370
721,468
722,550
723,620
724,678
725,728
726,769
727,791
728,665
729,559
730,472
731,399
732,337
733,286
734,242
735,205
736,295
737,407
738,499
739,576
740,641
741,697
742,743
743,783
744,745
745,624
746,525
747,443
748,375
749,317
750,269
751,228
752,212
753,339
754,442
755,528
756,601
757,663
758,714
759,758
760,796
761,699
762,586
763,494
764,417
765,353
766,299
767,253
768,215
769,260
770,377
771,474
772,555
773,623
774,682
775,731
776,772
777,783
778,655
779,551
780,465
781,392
782,333
783,281
784,239
785,203
786,305
787,415
788,506
789,582
790,646
791,701
792,747
793,786
794,737
795,616
796,519
797,438
798,370
799,314
800,266
801,226
802,222
803,348
804,450
805,535
806,606
807,667
808,718
809,762
810,799
811,688
812,579
813,488
814,412
815,348
816,295
817,250
818,212
819,270
820,387
821,482
822,562
823,630
824,686
825,735
826,775
827,772
828,646
829,543
830,459
831,387
832,328
833,278
834,236
835,200
836,316
837,423
838,512
839,588
840,651
841,704
842,750
843,789
844,724
845,607
846,511
847,432
848,365
849,309
850,262
851,222
852,233
853,357
854,457
855,540
856,612
857,672
858,722
859,765
860,800
861,678
862,570
863,481
864,406
865,343
866,291
867,247
868,209
869,280
870,395
871,489
872,568
873,635
874,691
875,738
876,778
877,761
878,638
879,536
880,452
881,383
882,324
883,274
884,233
885,200
886,325
887,431
888,519
889,593
890,656
891,709
892,754
893,792
894,715
895,599
896,505
897,427
898,361
899,306
900,259
901,220
902,244
903,366
904,465
905,547
906,617
907,676
908,726
909,768
910,795
911,669
912,563
913,475
914,400
915,339
916,287
917,244
918,207
919,290
920,403
921,496
922,574
923,639
924,695
925,741
926,781
927,751
928,628
929,529
930,446
931,377
932,320
933,271
934,229
935,206
936,334
937,438
938,525
939,598
940,660
941,712
942,756
943,794
944,703
945,590
946,497
947,420
948,355
949,301
950,255
951,217
952,255
953,375
954,472
955,553
956,622
957,680
958,729
959,771
960,787
961,660
962,555
963,468
964,395
965,335
966,284
967,240
968,204
969,300
970,411
971,502
972,579
973,644
974,699
975,745
976,784
977,741
978,621
979,523
980,441
981,373
982,316
983,268
984,227
985,218
986,343
987,446
988,532
989,604
990,665
991,716
992,760
993,797
994,694
995,582
996,491
997,414
998,350
999,297
1000,252
1001,214
1002,265
1003,382
1004,478
1005,559
1006,626
1007,684
1008,733
1009,774
1010,776
1011,652
1012,547
1013,463
1014,390
1015,331
1016,280
1017,238
1018,202
1019,310
1020,419
1021,508
1022,585
1023,648
1024,703
1025,749
1026,788
1027,730
1028,612
1029,515
1030,435
1031,367
1032,312
1033,264
1034,224
1035,227
1036,352
1037,453
1038,538
1039,608
1040,669
1041,719
1042,763
1043,800
1044,685
1045,575
1046,484
1047,409
1048,346
1049,293
1050,249
1051,211
1052,275
1053,390
1054,486
1055,564
1056,632
1057,688
1058,736
1059,777
1060,766
1061,642
1062,540
1063,456
1064,385
1065,326
1066,276
1067,234
1068,199
1069,320
1070,427
1071,515
1072,591
1073,653
1074,706
1075,751
1076,790
1077,719
1078,603
1079,508
1080,429
1081,363
1082,307
1083,261
1084,221
1085,239
1086,361
1087,460
1088,544
1089,614
1090,673
1091,723
1092,766
1093,798
1094,675
1095,566
1096,478
1097,403
1098,342
1099,290
1100,245
1101,208
1102,285
1103,399
1104,492
1105,570
1106,637
1107,692
1108,740
1109,780
1110,755
1111,633
1112,533
1113,450
1114,380
1115,322
1116,273
1117,231
1118,204
1119,329
1120,435
1121,522
1122,595
1123,658
1124,710
1125,755
1126,793
1127,709
1128,594
1129,501
1130,423
1131,358
1132,303
1133,257
1134,218
1135,248
1136,369
1137,467
1138,550
1139,619
1140,678
1141,727
1142,769
1143,790
1144,665
1145,558
1146,472
1147,398
1148,337
1149,285
1150,242
1151,206
1152,296
1153,407
1154,499
1155,576
1156,642
1157,697
1158,743
1159,783
1160,746
1161,625
1162,525
1163,444
1164,375
1165,318
1166,269
1167,228
1168,212
1169,338
1170,442
1171,528
1172,600
1173,663
1174,714
1175,758
1176,795
1177,699
1178,586
1179,495
1180,417
1181,353
1182,299
1183,254
1184,216
1185,261
1186,377
1187,475
1188,555
1189,624
1190,682
1191,731
1192,772
1193,782
1194,655
1195,550
1196,465
1197,393
1198,332
1199,281
1200,239
1201,203
1202,305
1203,415
1204,505
1205,582
1206,646
1207,700
1208,747
1209,785
1210,735
1211,615
1212,519
1213,437
1214,370
1215,313
1216,266
1217,225
1218,223
1219,347
1220,450
1221,534
1222,606
1223,666
1224,718
1225,761
1226,798
1227,689
1228,578
1229,488
1230,412
1231,349
1232,295
1233,251
1234,212
1235,271
1236,386
1237,482
1238,563
1239,629
1240,686
1241,735
1242,775
1243,772
1244,646
1245,544
1246,459
1247,388
1248,328
1249,278
1250,236
1251,201
1252,316
1253,422
1254,513
1255,587
1256,651
1257,704
1258,750
1259,788
1260,724
1261,607
1262,512
1263,432
1264,365
1265,309
1266,262
1267,222
1268,233
1269,355
1270,457
1271,540
1272,611
1273,671
1274,722
1275,764
1276,800
1277,680
1278,570
1279,482
1280,406
1281,343
1282,291
1283,247
1284,209
1285,280
1286,394
1287,488
1288,567
1289,634
1290,690
1291,738
1292,779
1293,760
1294,638
1295,536
1296,453
1297,383
1298,324
1299,275
1300,233
1301,200
1302,324
1303,431
1304,518
1305,593
1306,656
1307,708
1308,753
1309,792
1310,714
1311,599
1312,505
1313,426
1314,360
1315,305
1316,258
1317,220
1318,244
1319,364
1320,464
1321,547
1322,617
1323,676
1324,725
1325,768
1326,795
1327,670
1328,563
1329,475
1330,401
1331,339
1332,288
1333,244
1334,207
1335,290
1336,403
1337,495
1338,573
1339,639
1340,695
1341,741
1342,781
1343,749
1344,629
1345,529
1346,447
1347,378
1348,319
1349,271
1350,229
1351,208
1352,333
1353,438
1354,525
1355,598
1356,660
1357,712
1358,756
1359,794
1360,704
1361,591
1362,497
1363,420
1364,356
1365,301
1366,255
1367,217
1368,254
1369,374
1370,472
1371,553
1372,621
1373,680
1374,729
1375,771
1376,786
1377,661
1378,556
1379,468
1380,396
1381,335
1382,284
1383,240
1384,204
1385,301
1386,411
1387,502
1388,579
1389,644
1390,699
1391,745
1392,784
1393,739
1394,621
1395,521
1396,441
1397,372
1398,316
1399,267
1400,227
1401,216
1402,343
1403,445
1404,532
1405,603
1406,665
1407,716
1408,760
1409,798
1410,694
1411,582
1412,491
1413,414
1414,350
1415,297
1416,252
1417,214
1418,265
1419,382
1420,479
1421,559
1422,627
1423,684
1424,733
1425,774
1426,777
1427,651
1428,548
1429,462
1430,391
1431,330
1432,280
1433,237
1434,202
1435,311
1436,418
1437,509
1438,584
1439,649
1440,702
1441,748
1442,787
1443,730
1444,611
1445,515
1446,434
1447,367
1448,311
1449,264
1450,224
1451,228
1452,352
1453,453
1454,538
1455,609
1456,669
1457,720
1458,763
1459,800
1460,685
1461,575
1462,484
1463,409
1464,346
1465,293
1466,249
1467,211
1468,275
1469,390
1470,485
1471,564
1472,631
1473,688
1474,736
1475,777
1476,766
1477,642
1478,540
1479,456
1480,385
1481,326
1482,276
1483,234
1484,199
1485,319
1486,427
1487,515
1488,590
1489,653
1490,707
1491,751
1492,790
1493,718
1494,602
1495,509
1496,429
1497,363
1498,307
1499,260
1500,221
1501,240
1502,360
1503,461
1504,543
1505,614
1506,673
1507,724
1508,766
1509,798
1510,674
1511,567
1512,478
1513,404
1514,341
1515,290
1516,245
1517,208
1518,286
1519,399
1520,491
1521,571
1522,636
1523,693
1524,739
1525,780
1526,755
1527,634
1528,532
1529,450
1530,380
1531,322
1532,272
1533,232
1534,203
1535,329
1536,435
1537,522
1538,595
1539,658
1540,710
1541,755
1542,793
1543,708
1544,595
1545,500
1546,423
1547,357
1548,303
1549,256
1550,218
1551,249
1552,370
1553,467
1554,551
1555,619
1556,678
1557,727
1558,770
1559,791
1560,665
1561,559
1562,472
1563,398
1564,337
1565,285
1566,242
1567,206
1568,297
1569,406
1570,498
1571,576
1572,642
1573,697
1574,743
1575,783
1576,744
1577,625
1578,525
1579,443
1580,375
1581,318
1582,269
1583,228
1584,213
1585,338
1586,442
1587,528
1588,601
1589,662
1590,714
1591,758
1592,796
1593,698
1594,586
1595,495
1596,417
1597,353
1598,299
1599,253
1600,215
1601,260
1602,378
1603,474
1604,556
1605,624
1606,682
1607,731
1608,772
1609,782
1610,657
1611,552
1612,465
1613,394
1614,332
1615,282
1616,239
1617,204
1618,305
1619,415
1620,505
1621,582
1622,647
1623,700
1624,747
1625,786
1626,735
1627,616
1628,519
1629,438
1630,370
1631,313
1632,266
1633,225
1634,222
1635,347
1636,450
1637,534
1638,607
1639,667
1640,719
1641,761
1642,799
1643,689
1644,578
1645,488
1646,412
1647,348
1648,295
1649,250
1650,212
1651,270
1652,387
1653,481
1654,561
1655,629
1656,686
1657,734
1658,776
1659,771
1660,647
1661,544
1662,459
1663,388
1664,328
1665,278
1666,235
1667,200
1668,315
1669,423
1670,512
1671,587
1672,651
1673,704
1674,750
1675,788
1676,724
1677,607
1678,512
1679,431
1680,365
1681,309
1682,263
1683,223
1684,233
1685,356
1686,457
1687,541
1688,612
1689,671
1690,722
1691,764
1692,801
1693,680
1694,570
1695,482
1696,406
1697,344
1698,291
1699,247
1700,210
1701,281
1702,395
1703,489
1704,568
1705,634
1706,690
1707,738
1708,778
1709,761
1710,638
1711,536
1712,453
1713,383
1714,324
1715,275
1716,233
1717,200
1718,324
1719,431
1720,518
1721,593
1722,655
1723,708
1724,753
1725,792
1726,713
1727,599
1728,504
1729,426
1730,360
1731,305
1732,258
1733,219
1734,244
1735,364
1736,464
1737,546
1738,617
1739,675
1740,725
1741,767
1742,795
1743,669
1744,563
1745,474
1746,401
1747,339
1748,288
1749,243
1750,206
1751,290
1752,402
1753,495
1754,573
1755,639
1756,695
1757,741
1758,781
1759,750
1760,630
1761,529
1762,448
1763,378
1764,320
1765,271
1766,230
1767,208
1768,334
1769,438
1770,525
1771,598
1772,660
1773,712
1774,757
1775,794
1776,704
1777,590
1778,498
1779,420
1780,355
1781,301
1782,255
1783,217
1784,256
1785,373
1786,471
1787,552
1788,622
1789,680
1790,729
1791,771
1792,786
1793,661
1794,555
1795,468
1796,395
1797,334
1798,283
1799,241
1800,204
1801,301
1802,410
1803,501
1804,579
1805,643
1806,698
1807,745
1808,784
1809,740
1810,619
1811,522
1812,440
1813,373
1814,315
1815,267
1816,226
1817,218
1818,342
1819,446
1820,531
1821,604
1822,664
1823,716
1824,759
1825,797
1826,693
1827,583
1828,491
1829,415
1830,351
1831,297
1832,252
1833,214
1834,265
1835,383
1836,479
1837,559
1838,627
1839,684
1840,733
1841,774
1842,777
1843,651
1844,548
1845,462
1846,391
1847,330
1848,280
1849,237
1850,202
1851,311
1852,418
1853,509
1854,584
1855,649
1856,702
1857,748
1858,787
1859,729
1860,612
1861,515
1862,435
1863,368
1864,311
1865,264
1866,224
1867,228
1868,351
1869,453
1870,537
1871,609
1872,669
1873,720
1874,762
1875,800
1876,684
1877,574
1878,483
1879,409
1880,346
1881,293
1882,249
1883,211
1884,275
1885,391
1886,485
1887,565
1888,632
1889,688
1890,736
1891,777
1892,767
1893,642
1894,541
1895,456
1896,385
1897,326
1898,276
1899,234
1900,198
1901,320
1902,426
1903,516
1904,590
1905,654
1906,706
1907,752
1908,790
1909,719
1910,603
1911,509
1912,429
1913,363
1914,307
1915,261
1916,221
1917,239
1918,360
1919,461
1920,545
1921,614
1922,673
1923,724
1924,766
1925,798
1926,674
1927,567
1928,478
1929,404
1930,342
1931,290
1932,245
1933,208
1934,285
1935,399
1936,491
1937,570
1938,637
1939,692
1940,740
1941,780
1942,756
1943,633
1944,533
1945,450
1946,380
1947,322
1948,273
1949,231
1950,204
1951,329
1952,435
1953,521
1954,596
1955,658
1956,710
1957,755
1958,793
1959,708
1960,595
1961,501
1962,423
1963,357
1964,303
1965,257
1966,218
1967,249
1968,369
1969,468
1970,550
1971,619
1972,678
1973,727
1974,769
1975,791
1976,664
1977,559
1978,471
1979,398
1980,337
1981,285
1982,242
1983,206
1984,296
1985,407
1986,498
1987,576
1988,642
1989,697
1990,743
1991,783
1992,744
1993,625
1994,526
1995,444
1996,375
1997,318
1998,269
1999,229
2000,211
2001,338
2002,442
2003,527
2004,601
2005,662
2006,714
2007,758
2008,795
2009,698
2010,586
2011,494
2012,418
2013,353
2014,299
2015,254
2016,215
2017,260
2018,379
2019,475
2020,556
2021,624
2022,682
2023,731
2024,773
2025,781
2026,656
2027,551
2028,465
2029,393
2030,333
2031,282
2032,239
2033,203
2034,306
2035,414
2036,506
2037,581
2038,646
2039,701
2040,747
2041,786
2042,735
2043,616
2044,519
2045,437
2046,370
2047,313
2048,265
2049,225
2050,222
2051,348
2052,450
2053,535
2054,606
2055,666
2056,718
2057,761
2058,798
2059,688
2060,579
2061,487
2062,412
2063,348
2064,296
2065,251
2066,213
2067,270
2068,386
2069,481
2070,562
2071,629
2072,686
2073,734
2074,775
2075,770
2076,647
2077,544
2078,459
2079,388
2080,328
2081,278
2082,236
2083,200
2084,315
2085,422
2086,512
2087,587
2088,652
2089,704
2090,750
2091,789
2092,724
2093,608
2094,512
2095,432
2096,365
2097,309
2098,262
2099,223
2100,233
2101,357
2102,457
2103,541
2104,611
2105,671
2106,722
2107,765
2108,800
2109,679
2110,570
2111,481
2112,406
2113,344
2114,291
2115,247
2116,210
2117,280
2118,395
2119,488
2120,568
2121,634
2122,691
2123,738
2124,779
2125,760
2126,638
2127,536
2128,453
2129,383
2130,324
2131,274
2132,233
2133,200
2134,326
2135,430
2136,518
2137,592
2138,655
2139,708
2140,753
2141,792
2142,714
2143,598
2144,505
2145,426
2146,361
2147,305
2148,259
2149,219
2150,245
2151,365
2152,464
2153,546
2154,617
2155,675
2156,725
2157,768
2158,795
2159,670
2160,563
2161,475
2162,400
2163,339
2164,287
2165,244
2166,207
2167,292
2168,402
2169,495
2170,574
2171,639
2172,695
2173,741
2174,782
2175,749
2176,628
2177,530
2178,447
2179,377
2180,319
2181,271
2182,229
2183,208
2184,333
2185,439
2186,525
2187,598
2188,660
2189,712
2190,756
2191,794
2192,704
2193,590
2194,498
2195,420
2196,356
2197,301
2198,255
2199,216
2200,255
2201,373
2202,471
2203,552
2204,622
2205,679
2206,729
2207,770
2208,786
2209,660
2210,555
2211,468
2212,396
2213,334
2214,284
2215,240
2216,205
2217,301
2218,411
2219,503
2220,579
2221,644
2222,699
2223,745
2224,784
2225,740
2226,620
2227,523
2228,440
2229,373
2230,315
2231,267
2232,227
2233,218
2234,342
2235,446
2236,531
2237,604
2238,664
2239,717
2240,760
2241,798
2242,693
2243,583
2244,491
2245,415
2246,350
2247,297
2248,252
2249,214
2250,265
2251,383
2252,478
2253,559
2254,627
2255,685
2256,732
2257,774
2258,776
2259,652
2260,547
2261,462
2262,391
2263,331
2264,280
2265,237
2266,201
2267,310
2268,418
2269,509
2270,584
2271,649
2272,702
2273,748
2274,787
2275,729
2276,611
2277,516
2278,434
2279,368
2280,311
2281,264
2282,223
2283,229
2284,351
2285,454
2286,537
2287,609
2288,669
2289,720
2290,763
2291,800
2292,685
2293,574
2294,485
2295,409
2296,346
2297,294
2298,249
2299,211
2300,276
2301,390
2302,485
2303,564
2304,632
2305,688
2306,736
2307,777
2308,767
2309,642
2310,540
2311,456
2312,385
2313,326
2314,276
2315,235
2316,198
2317,320
2318,427
2319,515
2320,591
2321,653
2322,707
2323,751
2324,791
2325,719
2326,604
2327,508
2328,429
2329,362
2330,307
2331,260
2332,221
2333,238
2334,361
2335,460
2336,544
2337,614
2338,674
2339,723
2340,766
2341,797
2342,675
2343,566
2344,478
2345,403
2346,342
2347,289
2348,245
2349,208
2350,286
2351,398
2352,492
2353,570
2354,636
2355,692
2356,739
2357,780
2358,755
2359,634
2360,533
2361,450
2362,380
2363,322
2364,272
2365,232
2366,203
2367,330
2368,434
2369,522
2370,595
2371,658
2372,710
2373,755
2374,793
2375,709
2376,594
2377,502
2378,423
2379,358
2380,303
2381,257
2382,218
2383,250
2384,369
2385,468
2386,549
2387,619
2388,678
2389,727
2390,770
2391,791
2392,665
2393,559
2394,472
2395,399
2396,337
2397,286
2398,242
2399,206
2400,295
2401,407
2402,498
2403,576
2404,641
2405,697
2406,743
2407,783
2408,745
2409,626
2410,526
2411,444
2412,375
2413,318
2414,269
2415,229
2416,212
2417,339
2418,442
2419,528
2420,601
2421,663
2422,714
2423,758
2424,796
2425,699
2426,586
2427,495
2428,417
2429,353
2430,299
2431,253
2432,215
2433,260
2434,378
2435,475
2436,556
2437,624
2438,682
2439,731
2440,772
2441,781
2442,657
2443,551
2444,466
2445,393
2446,333
2447,282
2448,240
2449,203
2450,305
2451,415
2452,505
2453,582
2454,646
2455,701
2456,747
2457,786
2458,734
2459,616
2460,518
2461,438
2462,369
2463,313
2464,265
2465,226
2466,222
2467,348
2468,449
2469,534
2470,605
2471,667
2472,718
2473,762
2474,798
2475,688
2476,579
2477,487
2478,412
2479,348
2480,295
2481,250
2482,212
2483,271
2484,386
2485,482
2486,561
2487,630
2488,686
2489,735
2490,775
2491,772
2492,646
2493,544
2494,459
2495,388
2496,328
2497,278
2498,235
2499,201
2500,316
2501,422
2502,512
2503,587
2504,651
2505,704
2506,750
2507,788
2508,724
2509,607
2510,512
2511,432
2512,365
2513,309
2514,262
2515,222
2516,234
2517,356
2518,457
2519,541
2520,611
2521,672
2522,722
2523,765
2524,801
2525,680
2526,571
2527,482
2528,406
2529,344
2530,291
2531,248
2532,209
2533,281
2534,394
2535,489
2536,567
2537,634
2538,690
2539,738
2540,778
2541,761
2542,637
2543,537
2544,453
2545,383
2546,324
2547,275
2548,233
2549,200
2550,324
2551,431
2552,518
2553,593
2554,655
2555,709
2556,753
2557,792
2558,714
2559,599
2560,503
2561,426
2562,360
2563,305
2564,258
2565,219
2566,244
2567,365
2568,464
2569,546
2570,616
2571,676
2572,725
2573,768
2574,795
2575,669
2576,563
2577,475
2578,401
2579,340
2580,288
2581,244
2582,207
2583,290
2584,403
2585,495
2586,573
2587,639
2588,695
2589,741
2590,782
2591,750
2592,630
2593,529
2594,448
2595,378
2596,319
2597,271
2598,230
2599,208
2600,333
2601,438
2602,525
2603,599
2604,660
2605,712
2606,756
2607,794
2608,704
2609,591
2610,497
2611,420
2612,355
2613,301
2614,255
2615,217
2616,254
2617,374
2618,471
2619,553
2620,621
2621,681
2622,729
2623,771
2624,787
2625,661
2626,556
2627,469
2628,396
2629,335
2630,284
2631,240
2632,204
2633,301
2634,411
2635,502
2636,579
2637,644
2638,699
2639,745
2640,784
2641,739
2642,621
2643,522
2644,441
2645,373
2646,315
2647,267
2648,227
2649,217
2650,343
2651,446
2652,531
2653,604
2654,664
2655,716
2656,760
2657,797
2658,694
2659,582
2660,491
2661,414
2662,351
2663,297
2664,252
2665,214
2666,264
2667,382
2668,478
2669,559
2670,626
2671,684
2672,732
2673,774
2674,777
2675,652
2676,547
2677,463
2678,390
2679,331
2680,280
2681,238
2682,201
2683,310
2684,419
2685,508
2686,585
2687,648
2688,703
2689,749
2690,787
2691,730
2692,612
2693,515
2694,435
2695,368
2696,311
2697,264
2698,224
2699,227
2700,352
2701,453
2702,538
2703,609
2704,669
2705,720
2706,763
2707,800
2708,684
2709,575
2710,484
2711,410
2712,346
2713,294
2714,248
2715,212
2716,275
2717,391
2718,485
2719,565
2720,631
2721,688
2722,736
2723,777
2724,766
2725,643
2726,541
2727,456
2728,385
2729,326
2730,276
2731,234
2732,199
2733,320
2734,427
2735,516
2736,590
2737,653
2738,707
2739,751
2740,791
2741,720
2742,605
2743,509
2744,430
2745,363
2746,308
2747,261
2748,221
2749,239
2750,361
2751,460
2752,544
2753,614
2754,674
2755,724
2756,766
2757,798
2758,675
2759,567
2760,479
2761,403
2762,342
2763,289
2764,245
2765,208
2766,286
2767,398
2768,493
2769,570
2770,637
2771,692
2772,740
2773,780
2774,755
2775,633
2776,533
2777,450
2778,380
2779,322
2780,273
2781,231
2782,204
2783,329
2784,435
2785,522
2786,596
2787,658
2788,711
2789,755
2790,793
2791,708
2792,595
2793,501
2794,424
2795,358
2796,303
2797,257
2798,218
2799,249
2800,369
2801,467
2802,550
2803,619
2804,678
2805,727
2806,769
2807,790
2808,666
2809,559
2810,472
2811,398
2812,337
2813,285
2814,242
2815,205
2816,297
2817,407
2818,499
2819,576
2820,642
2821,697
2822,743
2823,783
2824,745
2825,624
2826,526
2827,444
2828,375
2829,317
2830,269
2831,228
2832,213
2833,338
2834,442
2835,528
2836,601
2837,662
2838,715
2839,758
2840,796
2841,698
2842,587
2843,494
2844,418
2845,353
2846,299
2847,253
2848,215
2849,260
2850,377
2851,475
2852,555
2853,624
2854,682
2855,731
2856,772
2857,782
2858,656
2859,551
2860,465
2861,393
2862,332
2863,282
2864,239
2865,203
2866,305
2867,415
2868,505
2869,582
2870,646
2871,700
2872,746
2873,786
2874,735
2875,616
2876,519
2877,438
2878,370
2879,313
2880,266
2881,225
2882,223
2883,347
2884,449
2885,534
2886,607
2887,667
2888,718
2889,761
2890,799
2891,689
2892,578
2893,488
2894,412
2895,349
2896,295
2897,250
2898,212
2899,271
2900,386
2901,482
2902,563
2903,629
2904,686
2905,734
2906,775
2907,771
2908,647
2909,544
2910,460
2911,388
2912,329
2913,278
2914,236
2915,200
2916,315
2917,423
2918,512
2919,588
2920,651
2921,705
2922,750
2923,789
2924,724
2925,608
2926,512
2927,433
2928,365
2929,310
2930,262
2931,223
2932,232
2933,356
2934,456
2935,541
2936,611
2937,671
2938,721
2939,765
2940,800
2941,679
2942,571
2943,481
2944,406
2945,344
2946,291
2947,247
2948,210
2949,281
2950,395
2951,488
2952,568
2953,634
2954,691
2955,738
2956,779
2957,760
2958,638
2959,536
2960,453
2961,383
2962,324
2963,274
2964,233
2965,200
2966,325
2967,430
2968,519
2969,593
2970,656
2971,708
2972,754
2973,791
2974,714
2975,599
2976,505
2977,426
2978,361
2979,305
2980,259
2981,219
2982,245
2983,365
2984,465
2985,546
2986,617
2987,676
2988,725
2989,768
2990,794
2991,670
2992,563
2993,475
2994,401
2995,340
2996,287
2997,244
2998,207
2999,291
3000,402
3001,495
3002,573
3003,639
3004,694
3005,741
3006,782
3007,750
3008,630
3009,529
3010,447
3011,377
3012,320
3013,271
3014,230
3015,207
3016,334
3017,438
3018,525
3019,598
3020,660
3021,712
3022,757
3023,794
3024,704
3025,591
3026,498
3027,420
3028,356
3029,302
3030,255
3031,216
3032,254
3033,373
3034,471
3035,552
3036,622
3037,680
3038,729
3039,771
3040,787
3041,660
3042,556
3043,468
3044,396
3045,335
3046,284
3047,240
3048,205
3049,300
3050,411
3051,502
3052,579
3053,644
3054,699
3055,745
3056,785
3057,739
3058,621
3059,522
3060,442
3061,372
3062,316
3063,267
3064,227
3065,216
3066,343
3067,445
3068,531
3069,603
3070,665
3071,716
3072,760
3073,797
3074,694
3075,583
3076,492
3077,415
3078,351
3079,298
3080,252
3081,214
3082,265
3083,383
3084,478
3085,559
3086,626
3087,685
3088,733
3089,774
3090,776
3091,652
3092,548
3093,463
3094,390
3095,331
3096,280
3097,238
3098,202
3099,311
3100,419
3101,509
3102,585
3103,649
3104,703
3105,748
3106,787
3107,729
3108,612
3109,515
3110,435
3111,367
3112,312
3113,264
3114,224
3115,228
3116,352
3117,454
3118,538
3119,610
3120,670
3121,720
3122,764
3123,800
3124,684
3125,575
3126,485
3127,410
3128,346
3129,294
3130,249
3131,211
3132,275
3133,391
3134,485
3135,565
3136,631
3137,688
3138,736
3139,777
3140,766
3141,643
3142,540
3143,457
3144,385
3145,326
3146,276
3147,234
3148,198
3149,320
3150,427
3151,515
3152,590
3153,653
3154,707
3155,751
3156,790
3157,720
3158,604
3159,509
3160,430
3161,363
3162,308
3163,261
3164,221
3165,239
3166,361
3167,461
3168,543
3169,614
3170,673
3171,724
3172,766
3173,798
3174,674
3175,568
3176,478
3177,404
3178,341
3179,290
3180,245
3181,208
3182,286
3183,399
3184,492
3185,571
3186,637
3187,693
3188,740
3189,780
3190,755
3191,634
3192,533
3193,451
3194,380
3195,322
3196,273
3197,232
3198,203
3199,329
3200,435
3201,521
3202,596
3203,658
3204,710
3205,755
3206,793
3207,708
3208,595
3209,502
3210,424
3211,358
3212,303
3213,257
3214,218
3215,249
3216,369
3217,467
3218,549
3219,620
3220,678
3221,727
3222,770
3223,791
3224,666
3225,560
3226,472
3227,398
3228,337
3229,286
3230,243
3231,206
3232,295
3233,406
3234,498
3235,576
3236,642
3237,696
3238,743
3239,783
3240,746
3241,624
3242,526
3243,444
3244,375
3245,318
3246,269
3247,228
3248,212
3249,338
3250,442
3251,528
3252,601
3253,662
3254,714
3255,758
3256,796
3257,698
3258,587
3259,494
3260,418
3261,353
3262,300
3263,253
3264,216
3265,259
3266,377
3267,475
3268,556
3269,624
3270,682
3271,731
3272,772
3273,782
3274,656
3275,552
3276,465
3277,393
3278,332
3279,282
3280,239
3281,203
3282,305
3283,415
3284,505
3285,582
3286,647
3287,701
3288,747
3289,786
3290,734
3291,616
3292,519
3293,438
3294,371
3295,313
3296,266
3297,226
3298,222
3299,348
3300,449
3301,535
3302,606
3303,667
3304,718
3305,762
3306,798
3307,689
3308,579
3309,488
3310,412
3311,349
3312,296
3313,250
3314,213
3315,270
3316,387
3317,481
3318,562
3319,629
3320,687
3321,734
3322,776
3323,771
3324,648
3325,544
3326,460
3327,388
3328,328
3329,278
3330,236
3331,201
3332,315
3333,423
3334,512
3335,587
3336,651
3337,704
3338,750
3339,788
3340,725
3341,607
3342,512
3343,432
3344,366
3345,309
3346,262
3347,223
3348,234
3349,356
3350,457
3351,540
3352,612
3353,671
3354,722
3355,764
3356,801
3357,680
3358,571
3359,482
3360,406
3361,344
3362,292
3363,248
3364,210
3365,281
3366,395
3367,488
3368,568
3369,634
3370,691
3371,738
3372,778
3373,761
3374,637
3375,536
3376,453
3377,383
3378,324
3379,275
3380,233
3381,200
3382,325
3383,431
3384,519
3385,593
3386,656
3387,708
3388,753
3389,792
3390,714
3391,599
3392,505
3393,426
3394,361
3395,305
3396,259
3397,219
3398,244
3399,364
3400,464
3401,546
3402,617
3403,675
3404,725
3405,767
3406,795
3407,670
3408,564
3409,475
3410,401
3411,339
3412,288
3413,244
3414,207
3415,291
3416,402
3417,495
3418,573
3419,639
3420,695
3421,741
3422,782
3423,750
3424,630
3425,529
3426,447
3427,377
3428,320
3429,271
3430,230
3431,208
3432,334
3433,439
3434,525
3435,599
3436,661
3437,712
3438,757
3439,794
3440,703
3441,592
3442,498
3443,421
3444,355
3445,302
3446,255
3447,217
3448,255
3449,374
3450,471
3451,553
3452,622
3453,680
3454,729
3455,771
3456,786
3457,660
3458,555
3459,469
3460,396
3461,335
3462,284
3463,241
3464,204
3465,301
3466,410
3467,502
3468,578
3469,644
3470,698
3471,745
3472,784
3473,740
3474,620
3475,523
3476,441
3477,373
3478,315
3479,268
3480,227
3481,218
3482,343
3483,446
3484,531
3485,604
3486,665
3487,716
3488,760
3489,797
3490,694
3491,584
3492,491
3493,415
3494,351
3495,298
3496,252
3497,214
3498,265
3499,383
3500,479
3501,559
3502,627
3503,685
3504,733
3505,774
3506,777
3507,651
3508,549
3509,462
3510,391
3511,330
3512,280
3513,237
3514,202
3515,310
3516,419
3517,508
3518,585
3519,648
3520,703
3521,748
3522,788
3523,729
3524,613
3525,515
3526,436
3527,367
3528,312
3529,264
3530,224
3531,227
3532,352
3533,452
3534,537
3535,608
3536,669
3537,720
3538,763
3539,800
3540,684
3541,575
3542,485
3543,410
3544,347
3545,293
3546,249
3547,211
3548,275
3549,391
3550,485
3551,565
3552,631
3553,689
3554,736
3555,777
3556,766
3557,643
3558,540
3559,457
3560,385
3561,326
3562,276
3563,235
3564,198
3565,320
3566,427
3567,515
3568,590
3569,653
3570,707
3571,751
3572,790
3573,720
3574,603
3575,509
3576,429
3577,363
3578,307
3579,261
3580,221
3581,240
3582,361
3583,461
3584,545
3585,614
3586,674
3587,724
3588,766
3589,798
3590,674
3591,568
3592,478
3593,404
3594,341
3595,290
3596,245
3597,209
3598,285
3599,399
3600,491
3601,570
3602,637
3603,692
3604,740
3605,780
3606,756
3607,634
3608,534
3609,450
3610,381
3611,322
3612,273
3613,232
3614,204
3615,329
3616,435
3617,522
3618,596
3619,658
3620,711
3621,755
3622,793
3623,708
3624,596
3625,501
3626,424
3627,358
3628,303
3629,257
3630,218
3631,249
3632,369
3633,468
3634,549
3635,620
3636,678
3637,728
3638,769
3639,792
3640,665
3641,560
3642,472
3643,399
3644,337
3645,286
3646,242
3647,206
3648,296
3649,407
3650,498
3651,577
3652,641
3653,697
3654,743
3655,783
3656,745
3657,625
3658,526
3659,445
3660,375
3661,318
3662,269
3663,229
3664,211
3665,338
3666,441
3667,528
3668,600
3669,662
3670,715
3671,758
3672,796
3673,700
3674,588
3675,495
3676,417
3677,354
3678,299
3679,254
3680,215
3681,261
3682,378
3683,475
3684,556
3685,624
3686,682
3687,731
3688,772
3689,782
3690,656
3691,552
3692,466
3693,394
3694,333
3695,282
3696,239
3697,203
3698,305
3699,416
3700,505
3701,583
3702,646
3703,701
3704,747
3705,786
3706,734
3707,617
3708,519
3709,439
3710,370
3711,314
3712,266
3713,225
3714,222
3715,347
3716,449
3717,534
3718,607
3719,667
3720,718
3721,761
3722,799
3723,690
3724,579
3725,489
3726,412
3727,349
3728,295
3729,251
3730,212
3731,271
3732,385
3733,482
3734,561
3735,629
3736,686
3737,734
3738,776
3739,773
3740,647
3741,545
3742,459
3743,388
3744,328
3745,278
3746,236
3747,201
3748,316
3749,422
3750,512
3751,587
3752,651
3753,704
3754,750
3755,789
3756,725
3757,608
3758,512
3759,433
3760,366
3761,310
3762,262
3763,223
3764,234
3765,356
3766,457
3767,540
3768,612
3769,671
3770,722
3771,765
3772,801
3773,680
3774,571
3775,482
3776,406
3777,344
3778,291
3779,247
3780,210
3781,281
3782,394
3783,489
3784,567
3785,634
3786,690
3787,738
3788,779
3789,762
3790,638
3791,537
3792,453
3793,384
3794,324
3795,275
3796,233
3797,200
3798,326
3799,430
3800,519
3801,593
3802,656
3803,708
3804,753
3805,791
3806,713
3807,600
3808,505
3809,427
3810,360
3811,306
3812,259
3813,220
3814,244
3815,365
3816,464
3817,548
3818,617
3819,676
3820,725
3821,768
3822,795
3823,671
3824,563
3825,476
3826,401
3827,340
3828,288
3829,244
3830,207
3831,292
3832,402
3833,496
3834,573
3835,640
3836,695
3837,742
3838,781
3839,751
3840,629
3841,529
3842,447
3843,378
3844,320
3845,271
3846,230
3847,208
3848,334
3849,439
3850,525
3851,598
3852,660
3853,713
3854,756
3855,795
3856,704
3857,591
3858,499
3859,421
3860,356
3861,301
3862,256
3863,216
3864,255
3865,373
3866,471
3867,552
3868,621
3869,679
3870,729
3871,770
3872,787
3873,660
3874,556
3875,468
3876,397
3877,335
3878,284
3879,240
3880,205
3881,301
3882,411
3883,503
3884,579
3885,644
3886,699
3887,745
3888,784
3889,741
3890,620
3891,523
3892,441
3893,373
3894,316
3895,268
3896,227
3897,218
3898,343
3899,446
3900,531
3901,604
3902,665
3903,716
3904,760
3905,797
3906,694
3907,583
3908,491
3909,415
3910,351
3911,298
3912,253
3913,214
3914,265
3915,383
3916,478
3917,559
3918,626
3919,685
3920,733
3921,774
3922,776
3923,652
3924,548
3925,463
3926,391
3927,331
3928,280
3929,238
3930,202
3931,310
3932,419
3933,508
3934,585
3935,648
3936,703
3937,748
3938,787
3939,729
3940,612
3941,515
3942,436
3943,367
3944,312
3945,264
3946,224
3947,228
3948,352
3949,453
3950,538
3951,608
3952,670
3953,720
3954,763
3955,800
3956,684
3957,575
3958,485
3959,410
3960,346
3961,294
3962,249
3963,212
3964,276
3965,391
3966,485
3967,565
3968,632
3969,688
3970,736
3971,777
3972,767
3973,643
3974,540
3975,457
3976,385
3977,327
3978,276
3979,235
3980,199
3981,320
3982,428
3983,516
3984,590
3985,654
3986,706
3987,752
3988,790
3989,719
3990,604
3991,509
3992,430
3993,363
3994,307
3995,261
3996,221
3997,239
3998,360
3999,461
4000,543
4001,614
4002,673
4003,724
4004,766
4005,798
4006,674
4007,568
4008,478
4009,404
4010,342
4011,289
4012,246
4013,208
4014,286
4015,398
4016,492
4017,571
4018,636
4019,693
4020,740
4021,780
4022,755
4023,634
4024,533
4025,450
4026,380
4027,322
4028,273
4029,232
4030,203
4031,330
4032,434
4033,522
4034,595
4035,658
4036,710
4037,755
4038,793
4039,710
4040,595
4041,502
4042,423
4043,359
4044,303
4045,258
4046,218
4047,250
4048,369
4049,468
4050,550
4051,619
4052,678
4053,727
4054,770
4055,792
4056,666
4057,560
4058,472
4059,399
4060,338
4061,286
4062,242
4063,206
4064,295
4065,407
4066,498
4067,576
4068,641
4069,697
4070,743
4071,783
4072,746
4073,626
4074,526
4075,445
4076,376
4077,319
4078,269
4079,229
4080,212
4081,339
4082,442
4083,528
4084,601
4085,663
4086,714
4087,758
4088,796
4089,700
4090,587
4091,495
4092,418
4093,354
4094,299
4095,254
4096,215
4097,260
4098,378
4099,475
4100,556
4101,624
4102,682
4103,731
4104,773
4105,781
4106,657
4107,552
4108,466
4109,394
4110,333
4111,283
4112,239
4113,204
4114,305
4115,415
4116,506
4117,582
4118,646
4119,701
4120,747
4121,786
4122,734
4123,617
4124,519
4125,439
4126,370
4127,314
4128,265
4129,226
4130,222
4131,348
4132,449
4133,534
4134,607
4135,667
4136,719
4137,762
4138,799
4139,687
4140,579
4141,489
4142,412
4143,349
4144,296
4145,250
4146,213
4147,270
4148,387
4149,482
4150,562
4151,629
4152,686
4153,734
4154,776
4155,771
4156,647
4157,544
4158,460
4159,388
4160,329
4161,279
4162,236
4163,201
4164,315
4165,423
4166,512
4167,588
4168,651
4169,704
4170,750
4171,789
4172,725
4173,607
4174,513
4175,432
4176,366
4177,310
4178,262
4179,223
4180,233
4181,357
4182,458
4183,540
4184,611
4185,671
4186,722
4187,765
4188,801
4189,680
4190,571
4191,483
4192,407
4193,345
4194,291
4195,248
4196,209
4197,281
4198,394
4199,489
4200,567
4201,634
4202,690
4203,738
4204,779
4205,762
4206,638
4207,537
4208,453
4209,383
4210,324
4211,275
4212,233
4213,200
4214,324
4215,431
4216,518
4217,593
4218,655
4219,709
4220,753
4221,792
4222,714
4223,600
4224,505
4225,426
4226,360
4227,305
4228,258
4229,219
4230,244
4231,366
4232,464
4233,547
4234,616
4235,676
4236,725
4237,768
4238,795
4239,670
4240,564
4241,476
4242,401
4243,340
4244,288
4245,244
4246,207
4247,291
4248,403
4249,495
4250,574
4251,639
4252,695
4253,741
4254,782
4255,750
4256,630
4257,529
4258,448
4259,378
4260,320
4261,272
4262,230
4263,208
4264,333
4265,438
4266,525
4267,598
4268,660
4269,712
4270,757
4271,794
4272,705
4273,591
4274,498
4275,421
4276,356
4277,301
4278,256
4279,216
4280,255
4281,373
4282,471
4283,552
4284,622
4285,679
4286,729
4287,771
4288,787
4289,660
4290,556
4291,469
4292,396
4293,335
4294,284
4295,241
4296,205
4297,301
4298,411
4299,502
4300,579
4301,644
4302,699
4303,745
4304,785
4305,739
4306,621
4307,522
4308,441
4309,373
4310,315
4311,268
4312,227
4313,217
4314,343
4315,445
4316,532
4317,603
4318,665
4319,716
4320,760
4321,797
4322,695
4323,583
4324,492
4325,415
4326,351
4327,297
4328,252
4329,214
4330,266
4331,381
4332,478
4333,558
4334,627
4335,684
4336,733
4337,774
4338,778
4339,651
4340,549
4341,462
4342,392
4343,331
4344,281
4345,238
4346,202
4347,311
4348,419
4349,509
4350,584
4351,649
4352,703
4353,748
4354,787
4355,729
4356,611
4357,515
4358,435
4359,368
4360,311
4361,264
4362,224
4363,229
4364,352
4365,454
4366,538
4367,610
4368,669
4369,721
4370,763
4371,800
4372,685
4373,575
4374,485
4375,409
4376,347
4377,293
4378,249
4379,211
4380,276
4381,390
4382,485
4383,564
4384,632
4385,688
4386,736
4387,777
4388,767
4389,642
4390,541
4391,456
4392,386
4393,326
4394,277
4395,234
4396,199
4397,320
4398,427
4399,515
4400,590
4401,653
4402,706
4403,752
4404,790
4405,719
4406,605
4407,509
4408,430
4409,363
4410,308
4411,260
4412,222
4413,239
4414,362
4415,460
4416,544
4417,614
4418,674
4419,724
4420,767
4421,798
4422,675
4423,567
4424,479
4425,404
4426,342
4427,289
4428,246
4429,209
4430,287
4431,398
4432,492
4433,570
4434,637
4435,692
4436,740
4437,780
4438,755
4439,634
4440,533
4441,451
4442,381
4443,323
4444,273
4445,232
4446,204
4447,329
4448,435
4449,522
4450,596
4451,658
4452,711
4453,755
4454,793
4455,708
4456,596
4457,502
4458,424
4459,358
4460,304
4461,257
4462,219
4463,249
4464,369
4465,467
4466,550
4467,619
4468,678
4469,727
4470,769
4471,790
4472,666
4473,559
4474,473
4475,398
4476,338
4477,286
4478,243
4479,206
4480,297
4481,407
4482,499
4483,576
4484,642
4485,697
4486,743
4487,783
4488,746
4489,625
4490,526
4491,444
4492,376
4493,318
4494,270
4495,228
4496,213
4497,339
4498,442
4499,528
4500,601
4501,662
4502,714
4503,758
4504,796
4505,698
4506,588
4507,495
4508,418
4509,353
4510,300
4511,254
4512,215
4513,260
4514,378
4515,474
4516,556
4517,624
4518,682
4519,731
4520,773
4521,782
4522,657
4523,552
4524,466
4525,394
4526,333
4527,282
4528,239
4529,203
4530,305
4531,415
4532,505
4533,582
4534,646
4535,700
4536,746
4537,786
4538,735
4539,616
4540,519
4541,438
4542,371
4543,313
4544,266
4545,225
4546,223
4547,347
4548,450
4549,534
4550,607
4551,667
4552,718
4553,761
4554,799
4555,690
4556,579
4557,488
4558,412
4559,349
4560,295
4561,250
4562,213
4563,271
4564,386
4565,482
4566,562
4567,629
4568,687
4569,735
4570,776
4571,771
4572,648
4573,544
4574,460
4575,388
4576,329
4577,278
4578,237
4579,200
4580,315
4581,423
4582,512
4583,588
4584,651
4585,704
4586,750
4587,789
4588,724
4589,609
4590,513
4591,433
4592,366
4593,310
4594,263
4595,223
4596,233
4597,357
4598,456
4599,541
4600,611
4601,671
4602,721
4603,765
4604,800
4605,679
4606,572
4607,481
4608,406
4609,344
4610,291
4611,247
4612,210
4613,281
4614,395
4615,488
4616,568
4617,634
4618,691
4619,738
4620,779
4621,761
4622,638
4623,537
4624,454
4625,383
4626,325
4627,275
4628,233
4629,200
4630,325
4631,430
4632,519
4633,592
4634,656
4635,708
4636,753
4637,792
4638,714
4639,599
4640,505
4641,426
4642,361
4643,306
4644,259
4645,220
4646,244
4647,366
4648,464
4649,547
4650,617
4651,676
4652,726
4653,768
4654,796
4655,671
4656,564
4657,475
4658,402
4659,340
4660,288
4661,244
4662,207
4663,290
4664,403
4665,495
4666,573
4667,639
4668,694
4669,741
4670,782
4671,750
4672,630
4673,530
4674,448
4675,378
4676,320
4677,272
4678,230
4679,208
4680,334
4681,438
4682,526
4683,598
4684,660
4685,712
4686,757
4687,794
4688,704
4689,591
4690,498
4691,421
4692,356
4693,301
4694,255
4695,217
4696,256
4697,374
4698,472
4699,553
4700,622
4701,680
4702,729
4703,771
4704,786
4705,662
4706,556
4707,469
4708,396
4709,335
4710,284
4711,241
4712,204
4713,302
4714,410
4715,502
4716,579
4717,644
4718,699
4719,745
4720,785
4721,741
4722,620
4723,523
4724,441
4725,373
4726,316
4727,268
4728,227
4729,217
4730,342
4731,446
4732,531
4733,603
4734,664
4735,716
4736,760
4737,797
4738,693
4739,583
4740,491
4741,415
4742,351
4743,298
4744,252
4745,214
4746,265
4747,383
4748,478
4749,559
4750,627
4751,685
4752,733
4753,775
4754,777
4755,652
4756,548
4757,463
4758,391
4759,331
4760,280
4761,238
4762,202
4763,310
4764,419
4765,509
4766,585
4767,648
4768,703
4769,748
4770,788
4771,729
4772,612
4773,515
4774,436
4775,368
4776,312
4777,264
4778,224
4779,229
4780,352
4781,454
4782,538
4783,609
4784,669
4785,720
4786,764
4787,800
4788,684
4789,575
4790,485
4791,410
4792,346
4793,294
4794,249
4795,212
4796,275
4797,391
4798,485
4799,564
4800,632
4801,688
4802,736
4803,777
4804,766
4805,643
4806,541
4807,456
4808,386
4809,326
4810,277
4811,234
4812,199
4813,321
4814,426
4815,516
4816,590
4817,654
4818,706
4819,752
4820,790
4821,720
4822,604
4823,509
4824,430
4825,363
4826,308
4827,261
4828,221
4829,241
4830,360
4831,461
4832,543
4833,614
4834,673
4835,724
4836,766
4837,798
4838,674
4839,568
4840,478
4841,405
4842,342
4843,290
4844,246
4845,209
4846,286
4847,399
4848,492
4849,571
4850,636
4851,693
4852,740
4853,780
4854,755
4855,634
4856,533
4857,451
4858,380
4859,322
4860,273
4861,232
4862,203
4863,330
4864,435
4865,521
4866,595
4867,657
4868,710
4869,755
4870,793
4871,708
4872,596
4873,501
4874,425
4875,358
4876,304
4877,257
4878,219
4879,250
4880,370
4881,467
4882,550
4883,619
4884,678
4885,727
4886,770
4887,791
4888,666
4889,559
4890,473
4891,399
4892,338
4893,286
4894,243
4895,206
4896,297
4897,406
4898,500
4899,576
4900,642
4901,696
4902,744
4903,783
4904,746
4905,625
4906,527
4907,444
4908,375
4909,318
4910,269
4911,228
4912,212
4913,339
4914,442
4915,529
4916,601
4917,663
4918,714
4919,759
4920,796
4921,699
4922,587
4923,496
4924,418
4925,354
4926,299
4927,254
4928,216
4929,260
4930,377
4931,475
4932,555
4933,624
4934,682
4935,731
4936,772
4937,782
4938,656
4939,552
4940,466
4941,393
4942,333
4943,282
4944,239
4945,203
4946,306
4947,415
4948,505
4949,582
4950,647
4951,701
4952,747
4953,787
4954,734
4955,616
4956,520
4957,438
4958,371
4959,314
4960,266
4961,225
4962,223
4963,347
4964,450
4965,534
4966,606
4967,667
4968,718
4969,761
4970,799
4971,690
4972,579
4973,489
4974,413
4975,349
4976,296
4977,251
4978,213
4979,272
4980,386
4981,482
4982,561
4983,630
4984,686
4985,735
4986,776
4987,772
4988,647
4989,545
4990,459
4991,389
4992,329
4993,278
4994,236
4995,201
4996,316
4997,423
4998,512
4999,587
5000,651
5001,704
5002,750
5003,789
5004,725
5005,608
5006,512
5007,432
5008,366
5009,309
5010,263
5011,223
5012,234
5013,356
5014,457
5015,540
5016,612
5017,671
5018,722
5019,764
5020,801
5021,680
5022,571
5023,482
5024,407
5025,345
5026,292
5027,248
5028,210
5029,281
5030,394
5031,489
5032,567
5033,634
5034,690
5035,738
5036,779
5037,762
5038,639
5039,537
5040,454
5041,383
5042,325
5043,275
5044,233
5045,200
5046,326
5047,430
5048,519
5049,592
5050,656
5051,708
5052,754
5053,791
5054,715
5055,600
5056,505
5057,427
5058,361
5059,306
5060,259
5061,220
5062,244
5063,364
5064,464
5065,546
5066,617
5067,675
5068,725
5069,768
5070,795
5071,669
5072,564
5073,475
5074,402
5075,340
5076,288
5077,244
5078,207
5079,291
5080,403
5081,495
5082,573
5083,639
5084,695
5085,741
5086,782
5087,750
5088,630
5089,530
5090,448
5091,378
5092,320
5093,271
5094,230
5095,207
5096,335
5097,438
5098,525
5099,598
5100,660
5101,712
5102,757
5103,795
5104,704
5105,591
5106,499
5107,421
5108,356
5109,301
5110,256
5111,217
5112,255
5113,374
5114,471
5115,553
5116,621
5117,680
5118,729
5119,771
5120,786
5121,660
5122,556
5123,469
5124,396
5125,335
5126,284
5127,241
5128,205
5129,300
5130,411
5131,501
5132,579
5133,643
5134,699
5135,744
5136,785
5137,739
5138,621
5139,522
5140,442
5141,373
5142,316
5143,268
5144,227
5145,218
5146,343
5147,446
5148,531
5149,604
5150,664
5151,716
5152,760
5153,797
5154,694
5155,584
5156,491
5157,416
5158,351
5159,298
5160,252
5161,214
5162,265
5163,383
5164,479
5165,559
5166,627
5167,684
5168,733
5169,774
5170,778
5171,651
5172,548
5173,463
5174,391
5175,331
5176,281
5177,238
5178,203
5179,311
5180,419
5181,509
5182,585
5183,649
5184,703
5185,749
5186,788
5187,730
5188,612
5189,516
5190,435
5191,368
5192,312
5193,265
5194,225
5195,228
5196,351
5197,453
5198,537
5199,609
5200,669
5201,720
5202,763
5203,800
5204,685
5205,575
5206,485
5207,409
5208,346
5209,294
5210,249
5211,211
5212,275
5213,389
5214,485
5215,563
5216,631
5217,687
5218,736
5219,777
5220,767
5221,642
5222,541
5223,456
5224,386
5225,326
5226,277
5227,234
5228,199
5229,321
5230,426
5231,516
5232,590
5233,653
5234,706
5235,752
5236,790
5237,719
5238,603
5239,509
5240,429
5241,364
5242,307
5243,261
5244,221
5245,240
5246,360
5247,461
5248,545
5249,614
5250,673
5251,723
5252,767
5253,798
5254,674
5255,568
5256,479
5257,405
5258,342
5259,290
5260,246
5261,208
5262,286
5263,399
5264,491
5265,570
5266,636
5267,692
5268,739
5269,780
5270,755
5271,634
5272,533
5273,451
5274,380
5275,322
5276,273
5277,232
5278,203
5279,330
5280,434
5281,521
5282,596
5283,658
5284,710
5285,755
5286,793
5287,709
5288,596
5289,501
5290,424
5291,358
5292,304
5293,257
5294,218
5295,249
5296,369
5297,468
5298,550
5299,619
5300,677
5301,727
5302,769
5303,791
5304,665
5305,560
5306,472
5307,399
5308,337
5309,286
5310,242
5311,206
5312,296
5313,407
5314,499
5315,576
5316,641
5317,697
5318,743
5319,783
5320,745
5321,625
5322,526
5323,445
5324,375
5325,318
5326,270
5327,229
5328,212
5329,339
5330,442
5331,528
5332,601
5333,662
5334,714
5335,758
5336,796
5337,700
5338,588
5339,495
5340,418
5341,354
5342,299
5343,254
5344,215
5345,261
5346,378
5347,475
5348,556
5349,625
5350,682
5351,732
5352,772
5353,782
5354,656
5355,553
5356,466
5357,394
5358,333
5359,282
5360,239
5361,203
5362,306
5363,415
5364,505
5365,582
5366,646
5367,701
5368,746
5369,786
5370,734
5371,617
5372,519
5373,439
5374,370
5375,314
5376,266
5377,226
5378,222
5379,347
5380,449
5381,534
5382,606
5383,667
5384,718
5385,761
5386,799
5387,690
5388,579
5389,489
5390,412
5391,349
5392,295
5393,251
5394,213
5395,271
5396,386
5397,482
5398,561
5399,629
5400,686
5401,734
5402,776
5403,772
5404,647
5405,545
5406,459
5407,389
5408,328
5409,279
5410,236
5411,201
5412,316
5413,423
5414,512
5415,587
5416,651
5417,705
5418,750
5419,789
5420,725
5421,608
5422,513
5423,433
5424,366
5425,310
5426,263
5427,223
5428,235
5429,356
5430,458
5431,540
5432,612
5433,671
5434,722
5435,764
5436,801
5437,680
5438,571
5439,482
5440,407
5441,345
5442,292
5443,247
5444,210
5445,281
5446,395
5447,489
5448,568
5449,634
5450,690
5451,738
5452,779
5453,760
5454,639
5455,537
5456,454
5457,383
5458,325
5459,275
5460,233
5461,200
5462,326
5463,430
5464,518
5465,592
5466,655
5467,708
5468,753
5469,791
5470,714
5471,599
5472,505
5473,426
5474,361
5475,305
5476,260
5477,219
5478,245
5479,365
5480,465
5481,547
5482,617
5483,676
5484,725
5485,768
5486,796
5487,669
5488,564
5489,475
5490,402
5491,340
5492,288
5493,244
5494,208
5495,291
5496,403
5497,495
5498,574
5499,639
5500,694
5501,741
5502,782
5503,750
5504,628
5505,530
5506,448
5507,378
5508,320
5509,271
5510,230
5511,208
5512,334
5513,439
5514,525
5515,599
5516,660
5517,713
5518,756
5519,795
5520,704
5521,591
5522,499
5523,421
5524,356
5525,302
5526,256
5527,217
5528,255
5529,373
5530,471
5531,552
5532,622
5533,679
5534,729
5535,770
5536,787
5537,660
5538,556
5539,469
5540,396
5541,335
5542,284
5543,241
5544,205
5545,301
5546,411
5547,503
5548,579
5549,644
5550,699
5551,745
5552,784
5553,739
5554,621
5555,522
5556,442
5557,373
5558,317
5559,268
5560,228
5561,217
5562,344
5563,446
5564,532
5565,604
5566,665
5567,716
5568,760
5569,797
5570,695
5571,583
5572,492
5573,415
5574,352
5575,297
5576,253
5577,214
5578,267
5579,382
5580,479
5581,558
5582,627
5583,684
5584,733
5585,774
5586,777
5587,651
5588,549
5589,463
5590,390
5591,331
5592,280
5593,238
5594,202
5595,311
5596,418
5597,509
5598,584
5599,649
5600,702
5601,748
5602,787
5603,730
5604,611
5605,516
5606,435
5607,368
5608,312
5609,264
5610,224
5611,229
5612,352
5613,454
5614,537
5615,609
5616,669
5617,720
5618,763
5619,800
5620,685
5621,575
5622,485
5623,409
5624,347
5625,294
5626,249
5627,211
5628,276
5629,390
5630,485
5631,564
5632,632
5633,688
5634,736
5635,777
5636,767
5637,643
5638,541
5639,457
5640,386
5641,327
5642,277
5643,235
5644,199
5645,320
5646,427
5647,515
5648,590
5649,653
5650,706
5651,751
5652,790
5653,719
5654,604
5655,509
5656,430
5657,364
5658,308
5659,261
5660,222
5661,238
5662,361
5663,460
5664,544
5665,613
5666,673
5667,723
5668,766
5669,798
5670,675
5671,567
5672,479
5673,404
5674,342
5675,290
5676,246
5677,208
5678,286
5679,398
5680,492
5681,571
5682,636
5683,693
5684,740
5685,780
5686,755
5687,634
5688,533
5689,451
5690,380
5691,323
5692,273
5693,232
5694,203
5695,330
5696,434
5697,522
5698,595
5699,658
5700,710
5701,755
5702,793
5703,709
5704,595
5705,502
5706,424
5707,359
5708,304
5709,258
5710,219
5711,251
5712,369
5713,468
5714,550
5715,620
5716,678
5717,727
5718,770
5719,792
5720,666
5721,560
5722,473
5723,399
5724,337
5725,286
5726,242
5727,206
5728,295
5729,407
5730,498
5731,576
5732,641
5733,697
5734,743
5735,783
5736,746
5737,626
5738,527
5739,445
5740,376
5741,319
5742,270
5743,229
5744,212
5745,339
5746,442
5747,529
5748,601
5749,663
5750,714
5751,758
5752,796
5753,699
5754,587
5755,495
5756,418
5757,354
5758,299
5759,254
5760,216
5761,260
5762,379
5763,475
5764,556
5765,624
5766,682
5767,731
5768,772
5769,781
5770,657
5771,552
5772,466
5773,393
5774,333
5775,282
5776,239
5777,203
5778,307
5779,415
5780,506
5781,582
5782,647
5783,700
5784,747
5785,786
5786,735
5787,616
5788,519
5789,438
5790,371
5791,314
5792,266
5793,226
5794,223
5795,347
5796,449
5797,534
5798,606
5799,667
5800,718
5801,761
5802,799
5803,687
5804,580
5805,489
5806,413
5807,349
5808,296
5809,251
5810,213
5811,270
5812,387
5813,481
5814,562
5815,629
5816,686
5817,734
5818,776
5819,771
5820,647
5821,544
5822,460
5823,388
5824,329
5825,278
5826,236
5827,201
5828,315
5829,423
5830,512
5831,587
5832,651
5833,705
5834,750
5835,789
5836,724
5837,609
5838,512
5839,433
5840,366
5841,310
5842,263
5843,223
5844,233
5845,357
5846,458
5847,541
5848,612
5849,672
5850,722
5851,765
5852,800
5853,679
5854,572
5855,482
5856,407
5857,344
5858,292
5859,247
5860,210
5861,280
5862,395
5863,488
5864,568
5865,634
5866,690
5867,737
5868,778
5869,760
5870,639
5871,537
5872,454
5873,383
5874,325
5875,275
5876,234
5877,200
5878,325
5879,430
5880,519
5881,593
5882,656
5883,708
5884,753
5885,792
5886,714
5887,599
5888,504
5889,427
5890,361
5891,306
5892,259
5893,220
5894,244
5895,366
5896,464
5897,547
5898,616
5899,676
5900,725
5901,768
5902,794
5903,670
5904,564
5905,475
5906,402
5907,340
5908,288
5909,244
5910,207
5911,291
5912,403
5913,495
5914,574
5915,639
5916,695
5917,741
5918,782
5919,750
5920,630
5921,529
5922,448
5923,378
5924,320
5925,271
5926,230
5927,207
5928,334
5929,438
5930,525
5931,599
5932,660
5933,712
5934,757
5935,795
5936,704
5937,591
5938,499
5939,421
5940,356
5941,301
5942,256
5943,217
5944,255
5945,372
5946,471
5947,552
5948,621
5949,679
5950,729
5951,770
5952,787
5953,660
5954,556
5955,469
5956,397
5957,335
5958,284
5959,241
5960,205
5961,301
5962,411
5963,502
5964,579
5965,644
5966,699
5967,745
5968,785
5969,739
5970,621
5971,522
5972,442
5973,373
5974,315
5975,268
5976,227
5977,217
5978,343
5979,446
5980,532
5981,603
5982,665
5983,716
5984,760
5985,797
5986,694
5987,583
5988,492
5989,415
5990,352
5991,297
5992,253
5993,214
5994,266
5995,381
5996,478
5997,558
5998,627
5999,684
6000,733
6001,773
6002,777
6003,651
6004,548
6005,463
6006,391
6007,331
6008,281
6009,238
6010,203
6011,311
6012,419
6013,509
6014,585
6015,649
6016,703
6017,748
6018,787
6019,729
6020,612
6021,515
6022,435
6023,368
6024,312
6025,264
6026,224
6027,229
6028,352
6029,454
6030,537
6031,610
6032,669
6033,720
6034,763
6035,800
6036,684
6037,575
6038,485
6039,410
6040,347
6041,294
6042,249
6043,212
6044,276
6045,391
6046,485
6047,565
6048,631
6049,688
6050,736
6051,777
6052,766
6053,643
6054,540
6055,457
6056,386
6057,327
6058,277
6059,234
6060,199
6061,320
6062,427
6063,516
6064,590
6065,653
6066,706
6067,751
6068,790
6069,719
6070,603
6071,509
6072,429
6073,363
6074,308
6075,261
6076,221
6077,240
6078,361
6079,461
6080,544
6081,614
6082,674
6083,724
6084,767
6085,798
6086,674
6087,568
6088,478
6089,405
6090,342
6091,291
6092,246
6093,209
6094,286
6095,399
6096,492
6097,571
6098,636
6099,694
6100,739
6101,781
6102,756
6103,634
6104,534
6105,451
6106,381
6107,323
6108,273
6109,232
6110,203
6111,330
6112,434
6113,523
6114,595
6115,658
6116,710
6117,755
6118,793
6119,709
6120,595
6121,502
6122,423
6123,359
6124,303
6125,257
6126,218
6127,250
6128,369
6129,468
6130,549
6131,619
6132,677
6133,727
6134,769
6135,791
6136,665
6137,560
6138,472
6139,399
6140,338
6141,286
6142,242
6143,206
6144,298
6145,407
6146,499
6147,576
6148,641
6149,696
6150,743
6151,783
6152,746
6153,624
6154,526
6155,444
6156,376
6157,318
6158,270
6159,229
6160,212
6161,339
6162,442
6163,528
6164,601
6165,663
6166,714
6167,758
6168,796
6169,700
6170,587
6171,495
6172,418
6173,354
6174,299
6175,254
6176,215
6177,262
6178,378
6179,475
6180,555
6181,624
6182,682
6183,731
6184,772
6185,782
6186,656
6187,551
6188,465
6189,393
6190,333
6191,282
6192,240
6193,204
6194,305
6195,416
6196,505
6197,582
6198,646
6199,701
6200,746
6201,786
6202,735
6203,616
6204,519
6205,438
6206,371
6207,314
6208,266
6209,226
6210,224
6211,347
6212,450
6213,534
6214,607
6215,666
6216,718
6217,761
6218,799
6219,690
6220,579
6221,488
6222,412
6223,349
6224,296
6225,251
6226,213
6227,272
6228,386
6229,482
6230,563
6231,629
6232,686
6233,735
6234,775
6235,772
6236,647
6237,545
6238,459
6239,389
6240,328
6241,279
6242,236
6243,201
6244,316
6245,423
6246,513
6247,587
6248,651
6249,704
6250,750
6251,788
6252,725
6253,608
6254,512
6255,432
6256,366
6257,309
6258,263
6259,223
6260,233
6261,355
6262,457
6263,540
6264,612
6265,671
6266,722
6267,765
6268,801
6269,680
6270,571
6271,482
6272,406
6273,344
6274,292
6275,247
6276,210
6277,280
6278,395
6279,488
6280,568
6281,634
6282,690
6283,738
6284,778
6285,760
6286,638
6287,537
6288,454
6289,383
6290,324
6291,275
6292,234
6293,200
6294,325
6295,430
6296,519
6297,592
6298,656
6299,708
6300,753
6301,791
6302,714
6303,599
6304,505
6305,426
6306,362
6307,306
6308,260
6309,220
6310,245
6311,365
6312,465
6313,546
6314,617
6315,676
6316,725
6317,768
6318,795
6319,671
6320,564
6321,475
6322,402
6323,340
6324,288
6325,244
6326,207
6327,290
6328,403
6329,495
6330,573
6331,638
6332,694
6333,741
6334,781
6335,751
6336,628
6337,530
6338,447
6339,378
6340,320
6341,272
6342,230
6343,208
6344,334
6345,439
6346,525
6347,598
6348,660
6349,713
6350,756
6351,795
6352,704
6353,591
6354,498
6355,421
6356,356
6357,301
6358,255
6359,217
6360,255
6361,373
6362,471
6363,552
6364,622
6365,680
6366,729
6367,771
6368,787
6369,660
6370,556
6371,468
6372,396
6373,335
6374,284
6375,241
6376,205
6377,301
6378,411
6379,502
6380,579
6381,643
6382,699
6383,745
6384,784
6385,740
6386,620
6387,523
6388,441
6389,373
6390,316
6391,268
6392,227
6393,217
6394,342
6395,446
6396,531
6397,603
6398,664
6399,716
6400,760
6401,797
6402,694
6403,582
6404,491
6405,415
6406,351
6407,298
6408,253
6409,214
6410,265
6411,382
6412,478
6413,558
6414,627
6415,684
6416,732
6417,774
6418,777
6419,651
6420,548
6421,462
6422,391
6423,331
6424,280
6425,238
6426,202
6427,311
6428,418
6429,508
6430,585
6431,648
6432,703
6433,748
6434,787
6435,729
6436,612
6437,515
6438,436
6439,368
6440,312
6441,264
6442,225
6443,229
6444,353
6445,454
6446,538
6447,609
6448,669
6449,720
6450,763
6451,800
6452,685
6453,575
6454,485
6455,409
6456,347
6457,294
6458,249
6459,211
6460,276
6461,390
6462,485
6463,564
6464,632
6465,688
6466,736
6467,777
6468,766
6469,643
6470,540
6471,457
6472,385
6473,327
6474,277
6475,234
6476,200
6477,321
6478,427
6479,516
6480,590
6481,653
6482,706
6483,752
6484,790
6485,719
6486,604
6487,509
6488,430
6489,363
6490,307
6491,261
6492,221
6493,239
6494,361
6495,460
6496,544
6497,614
6498,674
6499,723
6500,766
6501,798
6502,675
6503,567
6504,479
6505,404
6506,342
6507,290
6508,246
6509,209
6510,287
6511,398
6512,492
6513,570
6514,637
6515,692
6516,740
6517,780
6518,756
6519,633
6520,533
6521,450
6522,381
6523,322
6524,273
6525,231
6526,203
6527,329
6528,434
6529,522
6530,595
6531,658
6532,710
6533,755
6534,793
6535,708
6536,595
6537,501
6538,424
6539,358
6540,304
6541,257
6542,219
6543,249
6544,370
6545,468
6546,550
6547,619
6548,678
6549,728
6550,770
6551,790
6552,666
6553,559
6554,472
6555,398
6556,338
6557,286
6558,243
6559,206
6560,297
6561,406
6562,499
6563,576
6564,641
6565,696
6566,744
6567,783
6568,745
6569,624
6570,526
6571,444
6572,375
6573,318
6574,270
6575,229
6576,212
6577,339
6578,442
6579,528
6580,601
6581,663
6582,714
6583,759
6584,796
6585,699
6586,587
6587,495
6588,418
6589,354
6590,299
6591,255
6592,215
6593,260
6594,377
6595,475
6596,555
6597,624
6598,682
6599,731
6600,772
6601,782
6602,655
6603,552
6604,465
6605,394
6606,333
6607,282
6608,239
6609,203
6610,306
6611,415
6612,505
6613,582
6614,647
6615,700
6616,746
6617,786
6618,734
6619,616
6620,519
6621,438
6622,371
6623,314
6624,266
6625,226
6626,224
6627,347
6628,450
6629,534
6630,606
6631,667
6632,718
6633,761
6634,798
6635,689
6636,579
6637,489
6638,412
6639,349
6640,295
6641,251
6642,213
6643,272
6644,386
6645,482
6646,561
6647,630
6648,686
6649,735
6650,775
6651,772
6652,647
6653,545
6654,459
6655,388
6656,329
6657,278
6658,236
6659,201
6660,315
6661,423
6662,512
6663,587
6664,651
6665,704
6666,750
6667,788
6668,724
6669,607
6670,512
6671,432
6672,366
6673,309
6674,263
6675,223
6676,234
6677,356
6678,457
6679,540
6680,612
6681,671
6682,722
6683,764
6684,801
6685,680
6686,571
6687,482
6688,407
6689,345
6690,291
6691,248
6692,210
6693,281
6694,394
6695,489
6696,567
6697,634
6698,690
6699,738
6700,778
6701,761
6702,638
6703,537
6704,454
6705,383
6706,325
6707,275
6708,233
6709,200
6710,326
6711,430
6712,519
6713,592
6714,656
6715,708
6716,753
6717,791
6718,714
6719,599
6720,505
6721,426
6722,361
6723,306
6724,259
6725,220
6726,245
6727,364
6728,464
6729,546
6730,616
6731,675
6732,725
6733,767
6734,795
6735,669
6736,563
6737,475
6738,402
6739,339
6740,288
6741,244
6742,207
6743,291
6744,402
6745,495
6746,573
6747,639
6748,694
6749,741
6750,782
6751,750
6752,630
6753,529
6754,447
6755,378
6756,320
6757,271
6758,230
6759,208
6760,335
6761,438
6762,525
6763,598
6764,660
6765,712
6766,757
6767,794
6768,704
6769,591
6770,498
6771,420
6772,356
6773,302
6774,256
6775,217
6776,256
6777,374
6778,472
6779,553
6780,622
6781,680
6782,729
6783,771
6784,785
6785,661
6786,556
6787,469
6788,397
6789,335
6790,284
6791,241
6792,205
6793,301
6794,410
6795,502
6796,578
6797,644
6798,698
6799,745
6800,784
6801,740
6802,620
6803,523
6804,441
6805,373
6806,316
6807,268
6808,227
6809,218
6810,343
6811,446
6812,531
6813,604
6814,664
6815,716
6816,760
6817,797
6818,693
6819,583
6820,491
6821,415
6822,351
6823,298
6824,252
6825,214
6826,265
6827,383
6828,479
6829,559
6830,627
6831,684
6832,733
6833,774
6834,777
6835,651
6836,548
6837,462
6838,391
6839,331
6840,280
6841,238
6842,202
6843,310
6844,419
6845,509
6846,585
6847,648
6848,703
6849,748
6850,787
6851,728
6852,612
6853,515
6854,436
6855,368
6856,312
6857,264
6858,224
6859,227
6860,352
6861,453
6862,537
6863,608
6864,669
6865,719
6866,763
6867,800
6868,683
6869,575
6870,485
6871,410
6872,347
6873,294
6874,249
6875,211
6876,276
6877,391
6878,485
6879,565
6880,631
6881,688
6882,736
6883,777
6884,766
6885,643
6886,540
6887,457
6888,385
6889,327
6890,277
6891,235
6892,199
6893,320
6894,427
6895,515
6896,590
6897,653
6898,706
6899,751
6900,790
6901,720
6902,603
6903,509
6904,429
6905,363
6906,307
6907,261
6908,221
6909,240
6910,360
6911,461
6912,545
6913,614
6914,673
6915,723
6916,766
6917,798
6918,674
6919,568
6920,478
6921,404
6922,342
6923,290
6924,246
6925,209
6926,286
6927,399
6928,491
6929,570
6930,636
6931,692
6932,740
6933,780
6934,755
6935,634
6936,532
6937,451
6938,380
6939,322
6940,273
6941,232
6942,203
6943,330
6944,434
6945,522
6946,595
6947,658
6948,710
6949,755
6950,793
6951,709
6952,595
6953,502
6954,424
6955,357
6956,304
6957,257
6958,219
6959,249
6960,369
6961,468
6962,549
6963,619
6964,677
6965,727
6966,769
6967,791
6968,665
6969,560
6970,472
6971,399
6972,337
6973,286
6974,242
6975,206
6976,296
6977,407
6978,498
6979,576
6980,641
6981,696
6982,743
6983,783
6984,744
6985,625
6986,525
6987,444
6988,375
6989,318
6990,269
6991,229
6992,211
6993,339
6994,441
6995,528
6996,600
6997,662
6998,714
6999,758
7000,796
7001,699
7002,587
7003,495
7004,417
7005,354
7006,299
7007,254
7008,215
7009,261
7010,378
7011,475
7012,555
7013,624
7014,682
7015,731
7016,773
7017,782
7018,655
7019,552
7020,465
7021,394
7022,333
7023,282
7024,240
7025,204
7026,306
7027,416
7028,505
7029,582
7030,646
7031,701
7032,746
7033,786
7034,735
7035,616
7036,519
7037,438
7038,371
7039,314
7040,265
7041,226
7042,224
7043,348
7044,450
7045,535
7046,607
7047,666
7048,718
7049,761
7050,799
7051,689
7052,578
7053,488
7054,412
7055,349
7056,296
7057,251
7058,213
7059,270
7060,386
7061,481
7062,561
7063,628
7064,686
7065,734
7066,775
7067,771
7068,647
7069,544
7070,460
7071,388
7072,329
7073,278
7074,236
7075,200
7076,315
7077,423
7078,512
7079,587
7080,651
7081,704
7082,750
7083,789
7084,725
7085,608
7086,513
7087,433
7088,366
7089,309
7090,263
7091,223
7092,234
7093,356
7094,457
7095,540
7096,612
7097,671
7098,722
7099,764
7100,801
7101,680
7102,570
7103,482
7104,407
7105,344
7106,292
7107,248
7108,210
7109,280
7110,395
7111,488
7112,567
7113,634
7114,690
7115,738
7116,779
7117,760
7118,638
7119,536
7120,453
7121,383
7122,324
7123,275
7124,233
7125,200
7126,326
7127,430
7128,518
7129,592
7130,655
7131,708
7132,753
7133,791
7134,714
7135,598
7136,505
7137,426
7138,360
7139,305
7140,259
7141,220
7142,245
7143,365
7144,465
7145,546
7146,617
7147,675
7148,725
7149,767
7150,795
7151,669
7152,563
7153,475
7154,402
7155,339
7156,289
7157,244
7158,208
7159,291
7160,403
7161,495
7162,573
7163,639
7164,694
7165,741
7166,781
7167,751
7168,628
7169,529
7170,447
7171,378
7172,320
7173,272
7174,230
7175,208
7176,334
7177,438
7178,525
7179,599
7180,660
7181,713
7182,756
7183,795
7184,704
7185,590
7186,498
7187,420
7188,356
7189,302
7190,256
7191,217
7192,256
7193,373
7194,472
7195,552
7196,622
7197,679
7198,729
7199,770
7200,787
7201,660
7202,556
7203,468
7204,396
7205,335
7206,284
7207,241
7208,205
7209,301
7210,411
7211,503
7212,579
7213,644
7214,698
7215,745
7216,784
7217,739
7218,621
7219,522
7220,441
7221,372
7222,316
7223,267
7224,227
7225,217
7226,344
7227,446
7228,532
7229,604
7230,665
7231,716
7232,760
7233,797
7234,694
7235,582
7236,492
7237,415
7238,352
7239,297
7240,252
7241,214
7242,266
7243,382
7244,479
7245,558
7246,627
7247,684
7248,733
7249,774
7250,777
7251,651
7252,548
7253,462
7254,390
7255,331
7256,280
7257,238
7258,202
7259,311
7260,418
7261,509
7262,584
7263,648
7264,702
7265,749
7266,787
7267,729
7268,611
7269,515
7270,435
7271,368
7272,311
7273,264
7274,224
7275,228
7276,351
7277,454
7278,537
7279,609
7280,669
7281,720
7282,763
7283,800
7284,684
7285,574
7286,485
7287,409
7288,347
7289,293
7290,249
7291,211
7292,276
7293,390
7294,485
7295,564
7296,632
7297,688
7298,736
7299,777
7300,767
7301,642
7302,540
7303,457
7304,385
7305,327
7306,276
7307,235
7308,199
7309,320
7310,427
7311,516
7312,590
7313,653
7314,706
7315,752
7316,790
7317,719
7318,603
7319,509
7320,429
7321,363
7322,307
7323,261
7324,222
7325,239
7326,360
7327,461
7328,543
7329,614
7330,673
7331,724
7332,766
7333,798
7334,674
7335,567
7336,478
7337,404
7338,342
7339,289
7340,245
7341,208
7342,286
7343,398
7344,492
7345,571
7346,636
7347,693
7348,739
7349,780
7350,755
7351,634
7352,533
7353,450
7354,380
7355,322
7356,273
7357,232
7358,203
7359,330
7360,434
7361,522
7362,595
7363,658
7364,710
7365,755
7366,793
7367,709
7368,594
7369,502
7370,423
7371,358
7372,303
7373,257
7374,218
7375,251
7376,369
7377,468
7378,549
7379,619
7380,677
7381,727
7382,770
7383,791
7384,666
7385,560
7386,472
7387,399
7388,337
7389,286
7390,242
7391,206
7392,295
7393,407
7394,498
7395,576
7396,641
7397,696
7398,742
7399,783
7400,745
7401,625
7402,526
7403,444
7404,375
7405,318
7406,270
7407,229
7408,212
7409,340
7410,442
7411,529
7412,600
7413,663
7414,714
7415,759
7416,796
7417,699
7418,586
7419,495
7420,417
7421,354
7422,299
7423,254
7424,215
7425,260
7426,378
7427,474
7428,555
7429,624
7430,682
7431,730
7432,772
7433,781
7434,656
7435,551
7436,466
7437,393
7438,333
7439,282
7440,240
7441,203
7442,307
7443,414
7444,506
7445,581
7446,646
7447,700
7448,746
7449,785
7450,734
7451,615
7452,519
7453,438
7454,371
7455,313
7456,267
7457,226
7458,223
7459,347
7460,449
7461,534
7462,606
7463,666
7464,718
7465,761
7466,798
7467,687
7468,578
7469,487
7470,411
7471,348
7472,295
7473,251
7474,212
7475,271
7476,386
7477,482
7478,561
7479,630
7480,686
7481,735
7482,775
7483,771
7484,647
7485,544
7486,460
7487,388
7488,329
7489,279
7490,236
7491,200
7492,315
7493,423
7494,512
7495,587
7496,650
7497,705
7498,749
7499,789
7500,724
7501,608
7502,512
7503,432
7504,365
7505,310
7506,262
7507,223
7508,233
7509,357
7510,458
7511,541
7512,612
7513,671
7514,722
7515,765
7516,800
7517,679
7518,571
7519,481
7520,407
7521,344
7522,292
7523,247
7524,210
7525,280
7526,395
7527,488
7528,567
7529,633
7530,690
7531,737
7532,778
7533,761
7534,637
7535,537
7536,453
7537,383
7538,324
7539,275
7540,233
7541,200
7542,324
7543,431
7544,518
7545,593
7546,655
7547,708
7548,753
7549,792
7550,714
7551,598
7552,503
7553,426
7554,360
7555,305
7556,259
7557,220
7558,244
7559,366
7560,464
7561,547
7562,616
7563,676
7564,725
7565,768
7566,794
7567,669
7568,563
7569,475
7570,401
7571,339
7572,288
7573,244
7574,207
7575,291
7576,403
7577,495
7578,573
7579,639
7580,694
7581,741
7582,781
7583,750
7584,628
7585,529
7586,447
7587,378
7588,320
7589,271
7590,230
7591,208
7592,333
7593,438
7594,524
7595,598
7596,660
7597,712
7598,756
7599,794
7600,703
7601,591
7602,497
7603,421
7604,355
7605,302
7606,255
7607,217
7608,255
7609,374
7610,472
7611,552
7612,622
7613,680
7614,729
7615,771
7616,787
7617,660
7618,556
7619,468
7620,396
7621,335
7622,284
7623,240
7624,205
7625,301
7626,411
7627,502
7628,579
7629,643
7630,698
7631,744
7632,784
7633,740
7634,620
7635,522
7636,441
7637,373
7638,316
7639,268
7640,227
7641,218
7642,343
7643,446
7644,531
7645,604
7646,664
7647,716
7648,759
7649,797
7650,694
7651,582
7652,492
7653,414
7654,351
7655,297
7656,252
7657,214
7658,266
7659,381
7660,478
7661,558
7662,627
7663,684
7664,732
7665,773
7666,777
7667,651
7668,548
7669,462
7670,391
7671,330
7672,280
7673,238
7674,202
7675,311
7676,418
7677,509
7678,584
7679,649
7680,703
7681,748
7682,787
7683,728
7684,611
7685,515
7686,435
7687,368
7688,311
7689,265
7690,224
7691,229
7692,352
7693,454
7694,537
7695,609
7696,669
7697,720
7698,763
7699,800
7700,685
7701,574
7702,485
7703,409
7704,346
7705,293
7706,249
7707,211
7708,277
7709,390
7710,486
7711,564
7712,632
7713,688
7714,736
7715,777
7716,766
7717,641
7718,540
7719,456
7720,386
7721,326
7722,277
7723,234
7724,199
7725,320
7726,426
7727,515
7728,590
7729,653
7730,706
7731,751
7732,790
7733,719
7734,602
7735,508
7736,429
7737,363
7738,307
7739,261
7740,221
7741,240
7742,360
7743,461
7744,543
7745,614
7746,674
7747,723
7748,766
7749,798
7750,674
7751,567
7752,478
7753,404
7754,342
7755,290
7756,246
7757,209
7758,286
7759,399
7760,492
7761,571
7762,636
7763,692
7764,739
7765,780
7766,756
7767,634
7768,534
7769,451
7770,381
7771,322
7772,273
7773,232
7774,203
7775,330
7776,434
7777,522
7778,595
7779,658
7780,710
7781,755
7782,793
7783,709
7784,594
7785,501
7786,423
7787,358
7788,303
7789,257
7790,219
7791,250
7792,368
7793,468
7794,549
7795,619
7796,677
7797,727
7798,769
7799,791
7800,664
7801,559
7802,471
7803,399
7804,337
7805,286
7806,242
7807,206
7808,297
7809,407
7810,499
7811,576
7812,642
7813,696
7814,743
7815,783
7816,746
7817,624
7818,526
7819,443
7820,375
7821,318
7822,269
7823,228
7824,212
7825,339
7826,441
7827,528
7828,601
7829,662
7830,714
7831,758
7832,795
7833,699
7834,586
7835,495
7836,417
7837,354
7838,299
7839,254
7840,216
7841,261
7842,378
7843,475
7844,556
7845,624
7846,682
7847,731
7848,772
7849,782
7850,655
7851,550
7852,465
7853,393
7854,332
7855,282
7856,239
7857,203
7858,305
7859,415
7860,505
7861,582
7862,646
7863,701
7864,746
7865,786
7866,734
7867,615
7868,519
7869,437
7870,370
7871,313
7872,266
7873,225
7874,224
7875,347
7876,450
7877,534
7878,606
7879,666
7880,718
7881,761
7882,798
7883,689
7884,578
7885,488
7886,412
7887,349
7888,295
7889,251
7890,212
7891,271
7892,386
7893,482
7894,563
7895,629
7896,686
7897,734
7898,775
7899,772
7900,646
7901,544
7902,459
7903,388
7904,328
7905,278
7906,236
7907,201
7908,316
7909,423
7910,512
7911,587
7912,651
7913,704
7914,750
7915,789
7916,725
7917,607
7918,513
7919,432
7920,366
7921,309
7922,263
7923,223
7924,233
7925,355
7926,457
7927,540
7928,611
7929,670
7930,721
7931,764
7932,800
7933,679
7934,570
7935,481
7936,406
7937,344
7938,291
7939,248
7940,210
7941,280
7942,395
7943,488
7944,568
7945,634
7946,691
7947,737
7948,778
7949,760
7950,638
7951,536
7952,453
7953,383
7954,324
7955,275
7956,233
7957,200
7958,324
7959,431
7960,518
7961,593
7962,655
7963,708
7964,753
7965,791
7966,714
7967,598
7968,505
7969,426
7970,361
7971,305
7972,259
7973,219
7974,245
7975,365
7976,464
7977,546
7978,617
7979,676
7980,725
7981,768
7982,795
7983,670
7984,563
7985,475
7986,401
7987,339
7988,288
7989,244
7990,208
7991,291
7992,403
7993,495
7994,573
7995,639
7996,694
7997,741
7998,781
7999,751
8000,628
8001,529
8002,446
8003,378
8004,319
8005,271
8006,230
8007,208
8008,334
8009,438
8010,524
8011,598
8012,660
8013,712
8014,756
8015,794
8016,703
8017,591
8018,497
8019,421
8020,356
8021,302
8022,256
8023,217
8024,256
8025,374
8026,472
8027,553
8028,621
8029,680
8030,728
8031,771
8032,785
8033,661
8034,555
8035,469
8036,396
8037,335
8038,284
8039,241
8040,204
8041,302
8042,410
8043,502
8044,579
8045,644
8046,698
8047,745
8048,784
8049,740
8050,620
8051,522
8052,440
8053,373
8054,315
8055,268
8056,227
8057,217
8058,342
8059,446
8060,530
8061,603
8062,664
8063,716
8064,760
8065,796
8066,693
8067,582
8068,491
8069,414
8070,351
8071,298
8072,252
8073,214
8074,265
8075,383
8076,478
8077,559
8078,627
8079,684
8080,732
8081,774
8082,776
8083,652
8084,547
8085,463
8086,390
8087,331
8088,280
8089,238
8090,202
8091,310
8092,420
8093,508
8094,585
8095,648
8096,703
8097,748
8098,787
8099,729
8100,612
8101,515
8102,435
8103,367
8104,312
8105,264
8106,224
8107,229
8108,352
8109,453
8110,538
8111,609
8112,669
8113,719
8114,763
8115,800
8116,683
8117,575
8118,484
8119,410
8120,346
8121,294
8122,249
8123,212
8124,275
8125,390
8126,484
8127,565
8128,631
8129,688
8130,735
8131,777
8132,765
8133,642
8134,540
8135,456
8136,385
8137,326
8138,276
8139,235
8140,198
8141,320
8142,427
8143,515
8144,590
8145,653
8146,706
8147,751
8148,790
8149,720
8150,604
8151,509
8152,430
8153,363
8154,308
8155,261
8156,221
8157,239
8158,360
8159,461
8160,544
8161,614
8162,673
8163,724
8164,766
8165,798
8166,674
8167,567
8168,478
8169,404
8170,342
8171,290
8172,246
8173,209
8174,286
8175,399
8176,492
8177,571
8178,636
8179,693
8180,739
8181,780
8182,755
8183,634
8184,533
8185,450
8186,380
8187,322
8188,273
8189,232
8190,202
8191,329
8192,435
8193,521
8194,595
8195,657
8196,710
8197,755
8198,793
8199,708
8200,595
8201,501
8202,424
8203,358
8204,303
8205,257
8206,218
8207,250
8208,369
8209,467
8210,550
8211,619
8212,678
8213,727
8214,769
8215,790
8216,665
8217,559
8218,472
8219,398
8220,338
8221,286
8222,243
8223,206
8224,297
8225,407
8226,499
8227,576
8228,641
8229,696
8230,743
8231,783
8232,745
8233,624
8234,526
8235,443
8236,375
8237,317
8238,269
8239,228
8240,212
8241,338
8242,442
8243,528
8244,601
8245,662
8246,714
8247,758
8248,796
8249,698
8250,587
8251,495
8252,418
8253,353
8254,300
8255,254
8256,216
8257,259
8258,378
8259,474
8260,556
8261,624
8262,682
8263,730
8264,772
8265,781
8266,656
8267,551
8268,466
8269,393
8270,333
8271,282
8272,239
8273,203
8274,306
8275,414
8276,506
8277,581
8278,646
8279,700
8280,746
8281,785
8282,733
8283,615
8284,519
8285,438
8286,370
8287,313
8288,266
8289,225
8290,222
8291,348
8292,449
8293,535
8294,606
8295,667
8296,718
8297,761
8298,798
8299,688
8300,579
8301,488
8302,413
8303,348
8304,295
8305,251
8306,212
8307,270
8308,387
8309,481
8310,562
8311,629
8312,686
8313,734
8314,775
8315,771
8316,647
8317,544
8318,460
8319,388
8320,328
8321,278
8322,236
8323,201
8324,316
8325,423
8326,512
8327,587
8328,651
8329,704
8330,750
8331,788
8332,724
8333,607
8334,512
8335,432
8336,366
8337,310
8338,262
8339,223
8340,233
8341,357
8342,456
8343,541
8344,611
8345,671
8346,721
8347,764
8348,800
8349,678
8350,571
8351,481
8352,407
8353,344
8354,291
8355,247
8356,210
8357,281
8358,394
8359,489
8360,567
8361,634
8362,690
8363,738
8364,778
8365,761
8366,638
8367,537
8368,453
8369,383
8370,324
8371,274
8372,234
8373,200
8374,325
8375,430
8376,519
8377,593
8378,655
8379,708
8380,753
8381,791
8382,714
8383,598
8384,505
8385,426
8386,361
8387,305
8388,259
8389,219
8390,244
8391,364
8392,464
8393,546
8394,616
8395,675
8396,725
8397,767
8398,794
8399,669
8400,563
8401,475
8402,401
8403,339
8404,287
8405,244
8406,207
8407,292
8408,403
8409,496
8410,573
8411,639
8412,694
8413,741
8414,781
8415,750
8416,628
8417,530
8418,447
8419,378
8420,320
8421,271
8422,230
8423,208
8424,334
8425,439
8426,525
8427,598
8428,660
8429,712
8430,756
8431,794
8432,703
8433,591
8434,497
8435,421
8436,355
8437,301
8438,255
8439,217
8440,255
8441,374
8442,471
8443,553
8444,622
8445,680
8446,729
8447,771
8448,786
8449,660
8450,555
8451,468
8452,395
8453,335
8454,284
8455,241
8456,204
8457,301
8458,410
8459,502
8460,578
8461,644
8462,698
8463,745
8464,784
8465,740
8466,619
8467,522
8468,441
8469,373
8470,316
8471,268
8472,227
8473,218
8474,343
8475,447
8476,531
8477,604
8478,664
8479,716
8480,759
8481,797
8482,693
8483,583
8484,491
8485,415
8486,350
8487,297
8488,252
8489,214
8490,265
8491,383
8492,479
8493,559
8494,627
8495,684
8496,732
8497,773
8498,777
8499,651
8500,548
8501,462
8502,391
8503,330
8504,280
8505,237
8506,202
8507,311
8508,418
8509,509
8510,584
8511,649
8512,702
8513,748
8514,787
8515,729
8516,611
8517,515
8518,435
8519,368
8520,311
8521,264
8522,224
8523,228
8524,351
8525,453
8526,537
8527,609
8528,669
8529,720
8530,763
8531,800
8532,685
8533,574
8534,483
8535,409
8536,346
8537,293
8538,249
8539,211
8540,275
8541,391
8542,485
8543,565
8544,631
8545,688
8546,736
8547,777
8548,766
8549,642
8550,541
8551,456
8552,385
8553,326
8554,277
8555,235
8556,199
8557,321
8558,426
8559,516
8560,590
8561,653
8562,706
8563,751
8564,790
8565,719
8566,603
8567,508
8568,429
8569,363
8570,307
8571,261
8572,221
8573,240
8574,360
8575,461
8576,545
8577,614
8578,673
8579,723
8580,766
8581,797
8582,674
8583,567
8584,478
8585,404
8586,341
8587,290
8588,245
8589,208
8590,285
8591,399
8592,491
8593,570
8594,636
8595,692
8596,739
8597,779
8598,754
8599,634
8600,532
8601,450
8602,380
8603,322
8604,273
8605,232
8606,204
8607,330
8608,434
8609,522
8610,595
8611,658
8612,710
8613,755
8614,793
8615,709
8616,594
8617,501
8618,423
8619,357
8620,303
8621,257
8622,218
8623,249
8624,369
8625,468
8626,549
8627,619
8628,677
8629,728
8630,769
8631,792
8632,665
8633,559
8634,472
8635,398
8636,337
8637,286
8638,242
8639,206
8640,296
8641,407
8642,498
8643,576
8644,641
8645,696
8646,743
8647,782
8648,745
8649,624
8650,526
8651,443
8652,375
8653,317
8654,270
8655,228
8656,212
8657,337
8658,442
8659,527
8660,601
8661,662
8662,714
8663,757
8664,795
8665,698
8666,586
8667,494
8668,417
8669,353
8670,299
8671,253
8672,216
8673,260
8674,378
8675,475
8676,556
8677,624
8678,682
8679,731
8680,772
8681,781
8682,656
8683,551
8684,466
8685,393
8686,333
8687,281
8688,239
8689,203
8690,306
8691,414
8692,505
8693,581
8694,646
8695,700
8696,746
8697,785
8698,735
8699,616
8700,519
8701,438
8702,370
8703,314
8704,265
8705,226
8706,224
8707,348
8708,450
8709,535
8710,606
8711,666
8712,718
8713,761
8714,799
8715,689
8716,578
8717,488
8718,412
8719,348
8720,295
8721,250
8722,213
8723,270
8724,386
8725,481
8726,561
8727,628
8728,686
8729,734
8730,775
8731,770
8732,647
8733,543
8734,459
8735,387
8736,328
8737,278
8738,236
8739,200
8740,315
8741,423
8742,512
8743,587
8744,650
8745,704
8746,750
8747,788
8748,724
8749,608
8750,512
8751,432
8752,365
8753,309
8754,262
8755,222
8756,234
8757,356
8758,457
8759,540
8760,611
8761,671
8762,722
8763,764
8764,800
8765,680
8766,570
8767,482
8768,406
8769,344
8770,291
8771,247
8772,209
8773,281
8774,394
8775,489
8776,567
8777,634
8778,690
8779,738
8780,778
8781,761
8782,637
8783,537
8784,452
8785,383
8786,324
8787,275
8788,232
8789,200
8790,325
8791,430
8792,518
8793,592
8794,655
8795,708
8796,753
8797,791
8798,714
8799,598
8800,505
8801,426
8802,361
8803,305
8804,259
8805,220
8806,245
8807,365
8808,464
8809,546
8810,617
8811,675
8812,725
8813,767
8814,795
8815,669
8816,563
8817,475
8818,401
8819,339
8820,288
8821,244
8822,207
8823,291
8824,403
8825,495
8826,573
8827,638
8828,694
8829,741
8830,781
8831,749
8832,627
8833,529
8834,447
8835,378
8836,320
8837,271
8838,229
8839,208
8840,333
8841,438
8842,524
8843,599
8844,660
8845,712
8846,756
8847,794
8848,704
8849,590
8850,498
8851,420
8852,356
8853,301
8854,255
8855,216
8856,255
8857,372
8858,471
8859,552
8860,621
8861,679
8862,729
8863,770
8864,786
8865,659
8866,556
8867,468
8868,395
8869,334
8870,284
8871,240
8872,204
8873,301
8874,411
8875,503
8876,579
8877,644
8878,698
8879,745
8880,784
8881,739
8882,620
8883,522
8884,441
8885,372
8886,316
8887,267
8888,227
8889,217
8890,343
8891,445
8892,531
8893,603
8894,665
8895,716
8896,760
8897,797
8898,694
8899,582
8900,491
8901,414
8902,351
8903,297
8904,253
8905,214
8906,266
8907,382
8908,479
8909,558
8910,627
8911,684
8912,733
8913,773
8914,777
8915,650
8916,548
8917,462
8918,389
8919,330
8920,279
8921,237
8922,201
8923,311
8924,418
8925,509
8926,584
8927,649
8928,702
8929,748
8930,787
8931,729
8932,611
8933,515
8934,435
8935,368
8936,311
8937,264
8938,224
8939,228
8940,351
8941,453
8942,537
8943,609
8944,669
8945,720
8946,763
8947,800
8948,684
8949,574
8950,485
8951,409
8952,346
8953,293
8954,249
8955,211
8956,276
8957,389
8958,485
8959,564
8960,631
8961,688
8962,736
8963,777
8964,767
8965,642
8966,540
8967,456
8968,385
8969,326
8970,277
8971,234
8972,199
8973,320
8974,426
8975,515
8976,590
8977,653
8978,706
8979,751
8980,790
8981,720
8982,603
8983,509
8984,429
8985,363
8986,307
8987,260
8988,221
8989,239
8990,360
8991,461
8992,543
8993,614
8994,673
8995,723
8996,765
8997,798
8998,674
8999,567
9000,478
9001,404
9002,341
9003,289
9004,245
9005,208
9006,287
9007,399
9008,492
9009,570
9010,637
9011,692
9012,740
9013,780
9014,756
9015,633
9016,533
9017,450
9018,380
9019,322
9020,272
9021,231
9022,203
9023,330
9024,434
9025,522
9026,595
9027,658
9028,710
9029,755
9030,793
9031,709
9032,594
9033,501
9034,423
9035,358
9036,303
9037,257
9038,218
9039,250
9040,369
9041,468
9042,549
9043,619
9044,677
9045,727
9046,769
9047,791
9048,665
9049,559
9050,472
9051,399
9052,337
9053,286
9054,242
9055,206
9056,295
9057,407
9058,498
9059,576
9060,641
9061,696
9062,742
9063,783
9064,745
9065,626
9066,526
9067,445
9068,375
9069,318
9070,269
9071,229
9072,212
9073,339
9074,442
9075,528
9076,601
9077,662
9078,714
9079,758
9080,795
9081,699
9082,586
9083,495
9084,418
9085,353
9086,299
9087,254
9088,215
9089,260
9090,377
9091,474
9092,555
9093,624
9094,682
9095,730
9096,772
9097,781
9098,656
9099,551
9100,466
9101,393
9102,333
9103,282
9104,239
9105,203
9106,306
9107,414
9108,506
9109,581
9110,646
9111,700
9112,746
9113,785
9114,734
9115,615
9116,519
9117,438
9118,370
9119,313
9120,266
9121,225
9122,222
9123,347
9124,449
9125,534
9126,606
9127,666
9128,718
9129,761
9130,798
9131,687
9132,578
9133,487
9134,411
9135,348
9136,295
9137,250
9138,212
9139,271
9140,386
9141,482
9142,562
9143,629
9144,686
9145,734
9146,776
9147,771
9148,647
9149,544
9150,459
9151,388
9152,328
9153,278
9154,236
9155,200
9156,315
9157,424
9158,512
9159,588
9160,650
9161,704
9162,749
9163,788
9164,724
9165,608
9166,512
9167,433
9168,365
9169,310
9170,262
9171,223
9172,233
9173,357
9174,458
9175,541
9176,612
9177,671
9178,721
9179,764
9180,800
9181,678
9182,571
9183,481
9184,406
9185,343
9186,291
9187,247
9188,210
9189,280
9190,395
9191,488
9192,567
9193,634
9194,690
9195,738
9196,778
9197,761
9198,637
9199,537
9200,452
9201,383
9202,324
9203,275
9204,232
9205,200
9206,325
9207,431
9208,518
9209,593
9210,655
9211,708
9212,753
9213,791
9214,714
9215,598
9216,503
9217,427
9218,361
9219,305
9220,259
9221,220
9222,244
9223,365
9224,464
9225,547
9226,616
9227,676
9228,725
9229,768
9230,794
9231,669
9232,563
9233,475
9234,401
9235,339
9236,288
9237,244
9238,207
9239,290
9240,403
9241,495
9242,573
9243,639
9244,695
9245,741
9246,781
9247,750
9248,629
9249,529
9250,447
9251,377
9252,320
9253,271
9254,230
9255,207
9256,334
9257,437
9258,525
9259,599
9260,660
9261,712
9262,756
9263,794
9264,703
9265,590
9266,498
9267,420
9268,355
9269,301
9270,256
9271,217
9272,254
9273,372
9274,471
9275,552
9276,621
9277,679
9278,728
9279,770
9280,787
9281,660
9282,555
9283,468
9284,396
9285,335
9286,284
9287,240
9288,204
9289,300
9290,411
9291,502
9292,579
9293,644
9294,698
9295,744
9296,784
9297,739
9298,620
9299,522
9300,441
9301,373
9302,315
9303,268
9304,227
9305,217
9306,342
9307,445
9308,531
9309,603
9310,665
9311,716
9312,760
9313,797
9314,694
9315,583
9316,491
9317,415
9318,351
9319,297
9320,252
9321,214
9322,266
9323,381
9324,478
9325,558
9326,626
9327,683
9328,732
9329,773
9330,777
9331,650
9332,548
9333,462
9334,391
9335,330
9336,280
9337,237
9338,202
9339,311
9340,418
9341,509
9342,584
9343,648
9344,703
9345,748
9346,787
9347,729
9348,612
9349,516
9350,434
9351,368
9352,311
9353,264
9354,224
9355,229
9356,352
9357,453
9358,537
9359,609
9360,669
9361,719
9362,763
9363,799
9364,683
9365,575
9366,484
9367,409
9368,346
9369,293
9370,249
9371,212
9372,275
9373,391
9374,485
9375,565
9376,631
9377,688
9378,736
9379,777
9380,765
9381,642
9382,540
9383,456
9384,385
9385,326
9386,276
9387,234
9388,199
9389,320
9390,427
9391,515
9392,590
9393,653
9394,706
9395,751
9396,790
9397,719
9398,603
9399,508
9400,429
9401,363
9402,307
9403,261
9404,221
9405,239
9406,360
9407,461
9408,543
9409,614
9410,673
9411,723
9412,766
9413,798
9414,674
9415,567
9416,478
9417,404
9418,341
9419,289
9420,245
9421,208
9422,285
9423,399
9424,492
9425,570
9426,636
9427,693
9428,739
9429,780
9430,756
9431,634
9432,533
9433,451
9434,381
9435,322
9436,272
9437,232
9438,203
9439,330
9440,434
9441,522
9442,595
9443,658
9444,710
9445,755
9446,793
9447,709
9448,594
9449,502
9450,423
9451,358
9452,303
9453,257
9454,218
9455,250
9456,368
9457,468
9458,549
9459,619
9460,677
9461,727
9462,769
9463,791
9464,664
9465,559
9466,471
9467,398
9468,337
9469,286
9470,243
9471,206
9472,297
9473,406
9474,498
9475,576
9476,641
9477,696
9478,743
9479,782
9480,745
9481,624
9482,526
9483,444
9484,375
9485,317
9486,269
9487,228
9488,212
9489,339
9490,441
9491,528
9492,600
9493,662
9494,714
9495,758
9496,795
9497,699
9498,586
9499,495
9500,417
9501,353
9502,299
9503,253
9504,215
9505,261
9506,377
9507,475
9508,555
9509,624
9510,682
9511,731
9512,772
9513,782
9514,655
9515,550
9516,465
9517,393
9518,332
9519,281
9520,239
9521,203
9522,305
9523,415
9524,505
9525,582
9526,646
9527,700
9528,746
9529,785
9530,734
9531,615
9532,519
9533,438
9534,370
9535,313
9536,266
9537,225
9538,223
9539,347
9540,450
9541,534
9542,607
9543,666
9544,718
9545,761
9546,799
9547,689
9548,578
9549,488
9550,412
9551,349
9552,295
9553,250
9554,212
9555,271
9556,386
9557,482
9558,563
9559,629
9560,686
9561,735
9562,775
9563,772
9564,646
9565,544
9566,459
9567,388
9568,328
9569,278
9570,236
9571,201
9572,316
9573,423
9574,512
9575,587
9576,650
9577,705
9578,749
9579,788
9580,725
9581,607
9582,512
9583,432
9584,366
9585,309
9586,262
9587,222
9588,233
9589,356
9590,457
9591,540
9592,611
9593,671
9594,721
9595,764
9596,800
9597,680
9598,570
9599,482
9600,406
9601,343
9602,291
9603,247
9604,209
9605,280
9606,394
9607,488
9608,567
9609,634
9610,690
9611,737
9612,779
9613,760
9614,638
9615,536
9616,453
9617,383
9618,324
9619,274
9620,233
9621,200
9622,325
9623,430
9624,519
9625,592
9626,655
9627,708
9628,753
9629,791
9630,714
9631,598
9632,505
9633,426
9634,361
9635,305
9636,259
9637,219
9638,245
9639,364
9640,464
9641,546
9642,617
9643,676
9644,725
9645,768
9646,795
9647,670
9648,563
9649,475
9650,401
9651,339
9652,288
9653,243
9654,207
9655,290
9656,403
9657,494
9658,573
9659,638
9660,694
9661,741
9662,781
9663,749
9664,629
9665,529
9666,448
9667,377
9668,320
9669,271
9670,230
9671,207
9672,334
9673,438
9674,525
9675,598
9676,660
9677,712
9678,756
9679,794
9680,704
9681,590
9682,498
9683,420
9684,356
9685,301
9686,255
9687,217
9688,256
9689,374
9690,472
9691,553
9692,621
9693,680
9694,728
9695,771
9696,786
9697,661
9698,555
9699,469
9700,395
9701,335
9702,284
9703,241
9704,204
9705,302
9706,410
9707,502
9708,578
9709,644
9710,698
9711,745
9712,784
9713,740
9714,620
9715,522
9716,441
9717,373
9718,315
9719,268
9720,227
9721,217
9722,342
9723,446
9724,530
9725,603
9726,664
9727,716
9728,760
9729,797
9730,693
9731,582
9732,490
9733,414
9734,350
9735,298
9736,252
9737,214
9738,265
9739,382
9740,478
9741,559
9742,626
9743,684
9744,733
9745,774
9746,776
9747,652
9748,547
9749,463
9750,390
9751,331
9752,280
9753,238
9754,201
9755,310
9756,419
9757,508
9758,584
9759,648
9760,703
9761,748
9762,787
9763,728
9764,612
9765,515
9766,435
9767,368
9768,311
9769,264
9770,224
9771,229
9772,353
9773,454
9774,538
9775,609
9776,669
9777,719
9778,763
9779,799
9780,683
9781,575
9782,484
9783,409
9784,346
9785,293
9786,249
9787,211
9788,275
9789,390
9790,484
9791,564
9792,631
9793,688
9794,736
9795,777
9796,765
9797,642
9798,540
9799,456
9800,385
9801,326
9802,276
9803,234
9804,198
9805,320
9806,427
9807,515
9808,590
9809,653
9810,706
9811,751
9812,790
9813,720
9814,604
9815,509
9816,430
9817,363
9818,308
9819,261
9820,221
9821,240
9822,361
9823,461
9824,543
9825,614
9826,673
9827,723
9828,766
9829,798
9830,674
9831,567
9832,478
9833,404
9834,341
9835,290
9836,245
9837,208
9838,285
9839,399
9840,491
9841,571
9842,636
9843,693
9844,739
9845,780
9846,755
9847,634
9848,533
9849,450
9850,380
9851,322
9852,272
9853,232
9854,202
9855,329
9856,435
9857,521
9858,595
9859,657
9860,710
9861,754
9862,793
9863,708
9864,595
9865,501
9866,424
9867,358
9868,303
9869,257
9870,218
9871,249
9872,370
9873,467
9874,550
9875,619
9876,678
9877,727
9878,769
9879,791
9880,664
9881,560
9882,471
9883,398
9884,337
9885,286
9886,242
9887,205
9888,295
9889,407
9890,498
9891,576
9892,641
9893,697
9894,743
9895,783
9896,744
9897,625
9898,525
9899,443
9900,375
9901,317
9902,269
9903,228
9904,212
9905,339
9906,442
9907,528
9908,601
9909,662
9910,714
9911,758
9912,795
9913,699
9914,586
9915,495
9916,418
9917,353
9918,299
9919,254
9920,215
9921,259
9922,378
9923,474
9924,556
9925,623
9926,682
9927,730
9928,772
9929,781
9930,656
9931,551
9932,466
9933,393
9934,333
9935,282
9936,239
9937,203
9938,306
9939,414
9940,506
9941,581
9942,646
9943,700
9944,746
9945,785
9946,734
9947,615
9948,519
9949,438
9950,370
9951,313
9952,266
9953,225
9954,223
9955,347
9956,450
9957,534
9958,606
9959,667
9960,718
9961,761
9962,798
9963,689
9964,578
9965,488
9966,412
9967,349
9968,295
9969,250
9970,212
9971,271
9972,386
9973,482
9974,561
9975,629
9976,686
9977,734
9978,775
9979,772
9980,646
9981,545
9982,459
9983,388
9984,328
9985,278
9986,236
9987,200
9988,315
9989,423
9990,512
9991,586
9992,651
9993,704
9994,750
9995,788
9996,724
9997,607
9998,512
9999,432
10000,365
