173
1,1023
2,714
3,761
4,0
5,356
6,298
7,851
8,698
9,748
10,297
11,323
12,272
13,674
14,700
15,750
16,349
17,304
18,255
19,654
20,709
21,757
22,344
23,289
24,243
25,664
26,720
27,0
28,329
29,276
30,897
31,678
32,731
33,257
34,315
35,264
36,675
37,691
38,742
39,342
40,302
41,253
42,650
43,704
44,752
45,343
46,289
47,243
48,660
49,716
50,764
51,331
52,277
53,988
54,675
55,728
56,220
57,317
58,266
59,689
60,687
61,738
62,336
63,303
64,254
65,650
66,701
67,750
68,345
69,291
70,244
71,658
72,714
73,761
74,333
75,278
76,1023
77,672
78,726
79,170
80,319
81,268
82,709
83,686
84,737
85,329
86,306
87,257
88,651
89,699
90,748
91,345
92,292
93,245
94,655
95,712
96,759
97,335
98,280
99,1023
100,670
101,723
102,107
103,321
104,270
105,738
106,684
107,735
108,318
109,307
110,258
111,653
112,697
113,746
114,345
115,295
116,247
117,653
118,710
119,757
120,338
121,282
122,231
123,667
124,722
125,23
126,323
127,271
128,760
129,682
130,734
131,303
132,310
133,260
134,658
135,695
136,744
137,345
138,297
139,250
140,652
141,706
142,754
143,339
144,284
145,239
146,665
147,719
148,0
149,326
150,273
151,828
152,679
153,732
154,283
155,312
156,262
157,664
158,693
159,742
160,343
161,298
162,251
163,649
164,705
165,753
166,341
167,286
168,241
169,662
170,718
171,0
172,328
173,275
174,881
175,676
176,729
177,255
178,314
179,263
180,675
181,690
182,741
183,341
184,301
185,253
186,650
187,703
188,752
189,344
190,289
191,242
192,660
193,716
194,764
195,330
196,277
197,987
198,674
199,728
200,219
201,316
202,265
203,689
204,689
205,740
206,336
207,304
208,255
209,650
210,702
211,751
212,344
213,291
214,244
215,657
216,714
217,760
218,333
219,279
220,1023
221,672
222,726
223,171
224,318
225,267
226,709
227,686
228,737
229,328
230,305
231,256
232,651
233,699
234,748
235,345
236,293
237,246
238,655
239,712
240,759
241,335
242,280
243,236
244,670
245,724
246,106
247,321
248,269
249,736
250,684
251,735
252,318
253,308
254,258
255,653
256,697
257,746
258,345
259,295
260,248
261,654
262,710
263,757
264,337
265,282
266,231
267,667
268,722
269,23
270,323
271,271
272,776
273,682
274,733
275,303
276,309
277,259
278,658
279,695
280,744
281,345
282,297
283,249
284,652
285,708
286,755
287,339
288,285
289,240
290,666
291,720
292,0
293,326
294,273
295,828
296,678
297,731
298,283
299,312
300,262
301,663
302,692
303,743
304,344
305,299
306,251
307,650
308,705
309,754
310,341
311,286
312,240
313,662
314,718
315,0
316,328
317,275
318,895
319,677
320,730
321,256
322,314
323,264
324,674
325,690
326,741
327,340
328,301
329,252
330,650
331,703
332,752
333,343
334,289
335,242
336,660
337,716
338,764
339,330
340,276
341,988
342,674
343,727
344,227
345,316
346,266
347,686
348,688
349,739
350,336
351,303
352,255
353,650
354,701
355,750
356,345
357,291
358,244
359,658
360,714
361,761
362,332
363,279
364,1023
365,672
366,726
367,171
368,319
369,268
370,710
371,685
372,737
373,329
374,305
375,256
376,651
377,699
378,749
379,345
380,292
381,246
382,655
383,712
384,759
385,335
386,281
387,1023
388,669
389,724
390,121
391,321
392,269
393,738
394,683
395,735
396,318
397,307
398,258
399,653
400,697
401,746
402,346
403,295
404,248
405,653
406,710
407,757
408,337
409,282
410,231
411,667
412,722
413,23
414,323
415,271
416,776
417,680
418,733
419,304
420,310
421,260
422,657
423,695
424,745
425,345
426,297
427,249
428,651
429,707
430,755
431,339
432,285
433,238
434,665
435,720
436,0
437,326
438,273
439,827
440,679
441,732
442,283
443,312
444,262
445,664
446,693
447,743
448,343
449,299
450,251
451,650
452,705
453,753
454,342
455,287
456,241
457,662
458,718
459,0
460,327
461,274
462,898
463,677
464,730
465,255
466,314
467,264
468,674
469,690
470,740
471,342
472,302
473,253
474,650
475,703
476,752
477,343
478,288
479,242
480,660
481,716
482,764
483,330
484,277
485,987
486,674
487,728
488,219
489,316
490,265
491,689
492,688
493,739
494,335
495,303
496,254
497,650
498,701
499,750
500,345
501,291
502,244
503,657
504,714
505,761
506,333
507,278
508,1023
509,672
510,726
511,170
512,318
513,267
514,705
515,686
516,737
517,330
518,306
519,256
520,651
521,699
522,748
523,346
524,293
525,245
526,655
527,712
528,759
529,335
530,280
531,1023
532,669
533,724
534,106
535,321
536,269
537,738
538,684
539,735
540,318
541,307
542,258
543,654
544,697
545,746
546,345
547,294
548,247
549,653
550,710
551,757
552,338
553,283
554,231
555,667
556,722
557,42
558,324
559,271
560,768
561,681
562,733
563,303
564,309
565,260
566,657
567,695
568,745
569,345
570,297
571,249
572,652
573,708
574,756
575,339
576,284
577,238
578,665
579,720
580,0
581,325
582,273
583,827
584,679
585,732
586,283
587,312
588,262
589,664
590,693
591,743
592,343
593,299
594,251
595,650
596,705
597,753
598,341
599,287
600,241
601,662
602,718
603,768
604,328
605,275
606,895
607,677
608,730
609,255
610,314
611,263
612,674
613,691
614,741
615,340
616,301
617,252
618,650
619,703
620,752
621,343
622,289
623,242
624,660
625,716
626,764
627,330
628,276
629,988
630,674
631,728
632,219
633,317
634,265
635,689
636,688
637,739
638,336
639,303
640,254
641,650
642,701
643,750
644,344
645,290
646,244
647,657
648,714
649,761
650,332
651,279
652,1023
653,672
654,726
655,171
656,319
657,267
658,708
659,686
660,737
661,328
662,305
663,256
664,651
665,699
666,748
667,345
668,293
669,246
670,656
671,712
672,759
673,335
674,281
675,1023
676,669
677,725
678,106
679,321
680,269
681,738
682,683
683,736
684,318
685,308
686,259
687,653
688,697
689,747
690,346
691,294
692,247
693,653
694,710
695,757
696,337
697,282
698,231
699,667
700,722
701,23
702,323
703,271
704,776
705,681
706,734
707,303
708,309
709,259
710,658
711,695
712,745
713,345
714,297
715,249
716,652
717,708
718,755
719,339
720,285
721,238
722,665
723,720
724,0
725,325
726,273
727,816
728,679
729,731
730,287
731,313
732,262
733,664
734,692
735,743
736,344
737,299
738,251
739,650
740,706
741,754
742,341
743,286
744,240
745,662
746,718
747,0
748,328
749,275
750,895
751,677
752,730
753,256
754,315
755,264
756,674
757,690
758,741
759,340
760,301
761,252
762,650
763,703
764,751
765,343
766,289
767,242
768,660
769,716
770,766
771,331
772,277
773,967
774,674
775,728
776,219
777,316
778,265
779,690
780,688
781,739
782,336
783,303
784,255
785,650
786,702
787,750
788,345
789,290
790,244
791,657
792,714
793,761
794,332
795,278
796,1023
797,672
798,725
799,170
800,319
801,267
802,709
803,686
804,737
805,329
806,305
807,256
808,651
809,699
810,748
811,345
812,293
813,246
814,656
815,711
816,758
817,335
818,280
819,1023
820,669
821,724
822,106
823,321
824,269
825,738
826,683
827,735
828,318
829,307
830,258
831,653
832,697
833,747
834,346
835,295
836,248
837,654
838,709
839,757
840,337
841,282
842,231
843,667
844,722
845,23
846,323
847,270
848,776
849,681
850,734
851,303
852,310
853,260
854,656
855,694
856,745
857,345
858,297
859,249
860,652
861,708
862,755
863,339
864,284
865,238
866,665
867,720
868,0
869,326
870,273
871,827
872,680
873,732
874,283
875,312
876,261
877,664
878,693
879,743
880,343
881,299
882,251
883,651
884,706
885,753
886,342
887,287
888,241
889,662
890,718
891,0
892,328
893,274
894,895
895,676
896,730
897,261
898,314
899,264
900,672
901,689
902,741
903,341
904,301
905,253
906,650
907,704
908,752
909,343
910,289
911,243
912,660
913,716
914,764
915,330
916,277
917,987
918,673
919,727
920,219
921,317
922,265
923,689
924,688
925,739
926,335
927,303
928,254
929,650
930,701
931,750
932,344
933,290
934,244
935,657
936,714
937,761
938,333
939,278
940,1023
941,672
942,725
943,181
944,319
945,267
946,710
947,686
948,737
949,328
950,305
951,256
952,651
953,699
954,748
955,345
956,292
957,246
958,655
959,712
960,759
961,335
962,281
963,1023
964,670
965,724
966,106
967,321
968,269
969,737
970,684
971,735
972,318
973,307
974,257
975,652
976,697
977,746
978,345
979,294
980,247
981,654
982,709
983,757
984,337
985,283
986,231
987,667
988,722
989,23
990,324
991,271
992,776
993,681
994,732
995,303
996,310
997,260
998,657
999,694
1000,745
