290
1,530
2,459
3,91
4,119
5,528
6,603
7,201
8,698
9,625
10,243
11,219
12,630
13,0
14,261
15,677
16,683
17,292
18,249
19,670
20,146
21,278
22,672
23,708
24,304
25,1023
26,688
27,256
28,281
29,673
30,721
31,306
32,905
33,700
34,300
35,278
36,678
37,744
38,301
39,759
40,707
41,314
42,274
43,684
44,13
45,297
46,699
47,715
48,317
49,268
50,691
51,199
52,291
53,681
54,721
55,313
56,1023
57,698
58,280
59,285
60,679
61,727
62,308
63,845
64,705
65,309
66,279
67,682
68,0
69,302
70,735
71,712
72,317
73,273
74,688
75,107
76,295
77,693
78,718
79,317
80,263
81,695
82,234
83,289
84,680
85,724
86,312
87,996
88,701
89,294
90,283
91,679
92,731
93,306
94,797
95,707
96,313
97,277
98,685
99,0
100,301
101,716
102,714
103,318
104,272
105,690
106,155
107,293
108,686
109,720
110,316
111,1023
112,696
113,260
114,287
115,679
116,725
117,311
118,909
119,704
120,302
121,281
122,681
123,744
124,304
125,761
126,710
127,316
128,276
129,686
130,34
131,298
132,703
133,716
134,318
135,268
136,692
137,200
138,291
139,682
140,721
141,314
142,1023
143,699
144,278
145,285
146,679
147,728
148,309
149,845
150,706
151,309
152,280
153,683
154,0
155,302
156,735
157,712
158,317
159,273
160,689
161,94
162,296
163,692
164,718
165,317
166,263
167,695
168,234
169,289
170,681
171,724
172,312
173,977
174,701
175,292
176,284
177,680
178,731
179,307
180,798
181,708
182,314
183,278
184,684
185,0
186,300
187,717
188,714
189,318
190,271
191,690
192,154
193,294
194,686
195,720
196,316
197,1023
198,697
199,260
200,288
201,679
202,726
203,311
204,910
205,704
206,302
207,281
208,681
209,744
210,305
211,761
212,710
213,317
214,276
215,687
216,16
217,299
218,701
219,716
220,318
221,268
222,692
223,199
224,291
225,682
226,722
227,314
228,1023
229,700
230,279
231,286
232,680
233,729
234,309
235,846
236,705
237,308
238,279
239,682
240,0
241,302
242,735
243,712
244,318
245,274
246,688
247,95
248,296
249,692
250,718
251,317
252,263
253,695
254,234
255,289
256,680
257,724
258,312
259,976
260,702
261,292
262,284
263,680
264,729
265,307
266,789
267,707
268,314
269,277
270,685
271,0
272,300
273,717
274,714
275,318
276,271
277,690
278,155
279,294
280,687
281,720
282,316
283,1023
284,697
285,264
286,288
287,679
288,726
289,310
290,910
291,703
292,302
293,281
294,681
295,744
296,305
297,761
298,710
299,317
300,276
301,686
302,34
303,298
304,703
305,716
306,318
307,268
308,692
309,200
310,292
311,682
312,722
313,315
314,1023
315,699
316,279
317,285
318,679
319,728
320,309
321,846
322,706
323,309
324,279
325,682
326,0
327,302
328,735
329,712
330,318
331,274
332,688
333,95
334,296
335,693
336,717
337,317
338,263
339,695
340,234
341,289
342,680
343,724
344,312
345,996
346,701
347,295
348,284
349,680
350,731
351,307
352,798
353,708
354,313
355,277
356,684
357,0
358,300
359,715
360,714
361,318
362,272
363,690
364,155
365,294
366,687
367,720
368,316
369,1023
370,697
371,259
372,287
373,680
374,726
375,310
376,910
377,704
378,302
379,282
380,681
381,744
382,305
383,762
384,710
385,317
386,276
387,686
388,16
389,298
390,703
391,717
392,318
393,268
394,692
395,200
396,292
397,683
398,722
399,315
400,1023
401,699
402,281
403,286
404,680
405,728
406,308
407,845
408,706
409,309
410,280
411,682
412,0
413,303
414,735
415,713
416,318
417,274
418,689
419,95
420,295
421,693
422,718
423,317
424,263
425,695
426,234
427,290
428,681
429,724
430,313
431,995
432,702
433,292
434,284
435,680
436,731
437,306
438,798
439,708
440,313
441,277
442,684
443,0
444,300
445,717
446,714
447,318
448,272
449,691
450,164
451,294
452,687
453,721
454,316
455,1023
456,697
457,259
458,287
459,679
460,727
461,311
462,910
463,704
464,302
465,282
466,681
467,744
468,305
469,762
470,710
471,316
472,275
473,687
474,16
475,298
476,703
477,716
478,318
479,268
480,693
481,200
482,292
483,682
484,722
485,314
486,1023
487,699
488,278
489,285
490,679
491,728
492,308
493,846
494,706
495,309
496,279
497,683
498,0
499,303
500,735
501,712
502,318
503,273
504,688
505,95
506,295
507,692
508,718
509,317
510,263
511,694
512,245
513,289
514,680
515,724
516,312
517,996
518,701
519,292
520,283
521,680
522,731
523,306
524,798
525,708
526,313
527,278
528,684
529,0
530,300
531,716
532,714
533,318
534,272
535,690
536,155
537,294
538,687
539,720
540,316
541,1023
542,697
543,259
544,287
545,679
546,726
547,311
548,910
549,703
550,302
551,281
552,681
553,744
554,304
555,750
556,710
557,316
558,276
559,687
560,16
561,298
562,703
563,716
564,318
565,268
566,692
567,200
568,292
569,683
570,722
571,314
572,1023
573,699
574,278
575,285
576,679
577,728
578,309
579,845
580,706
581,309
582,280
583,683
584,0
585,302
586,735
587,712
588,317
589,273
590,688
591,95
592,295
593,693
594,718
595,317
596,263
597,695
598,245
599,290
600,680
601,724
602,312
603,996
604,701
605,292
606,283
607,680
608,731
609,306
610,797
611,708
612,314
613,277
614,684
615,0
616,300
617,716
618,714
619,318
620,271
621,690
622,154
623,293
624,687
625,720
626,316
627,1023
628,697
629,258
630,288
631,680
632,726
633,311
634,910
635,704
636,302
637,281
638,681
639,744
640,304
641,761
642,710
643,317
644,275
645,686
646,16
647,298
648,701
649,716
650,318
651,268
652,693
653,200
654,291
655,683
656,723
657,314
658,1023
659,699
660,281
661,286
662,680
663,728
664,309
665,846
666,706
667,309
668,280
669,683
670,0
671,302
672,735
673,712
674,317
675,273
676,688
677,95
678,296
679,693
680,718
681,318
682,263
683,696
684,234
685,290
686,681
687,724
688,312
689,995
690,701
691,292
692,283
693,680
694,731
695,307
696,797
697,708
698,314
699,278
700,684
701,0
702,300
703,716
704,714
705,318
706,271
707,690
708,154
709,293
710,687
711,720
712,316
713,1023
714,697
715,260
716,288
717,679
718,726
719,311
720,910
721,704
722,302
723,281
724,681
725,744
726,303
727,761
728,710
729,317
730,276
731,686
732,16
733,298
734,703
735,716
736,318
737,268
738,692
739,200
740,291
741,683
742,723
743,314
744,1023
745,699
746,278
747,286
748,680
749,728
750,309
751,845
752,706
753,308
754,279
755,682
756,0
757,302
758,735
759,712
760,317
761,273
762,688
763,95
764,296
765,693
766,718
767,317
768,263
769,695
770,234
771,290
772,680
773,725
774,312
775,996
776,701
777,292
778,283
779,680
780,731
781,308
782,798
783,708
784,314
785,277
786,684
787,0
788,300
789,716
790,715
791,318
792,271
793,691
794,154
795,294
796,687
797,720
798,316
799,1023
800,697
801,260
802,287
803,679
804,726
805,311
806,910
807,703
808,302
809,281
810,681
811,736
812,304
813,761
814,710
815,317
816,276
817,686
818,16
819,297
820,702
821,716
822,318
823,268
824,692
825,199
826,292
827,683
828,722
829,315
830,1023
831,700
832,279
833,286
834,679
835,728
836,309
837,845
838,706
839,308
840,279
841,682
842,0
843,302
844,735
845,712
846,318
847,274
848,688
849,89
850,296
851,694
852,719
853,317
854,263
855,695
856,239
857,289
858,681
859,724
860,313
861,996
862,702
863,293
864,284
865,680
866,731
867,307
868,798
869,708
870,313
871,277
872,684
873,0
874,300
875,716
876,714
877,318
878,272
879,690
880,155
881,294
882,687
883,720
884,317
885,1023
886,697
887,259
888,287
889,679
890,726
891,310
892,910
893,704
894,302
895,281
896,681
897,744
898,304
899,761
900,710
901,317
902,275
903,686
904,16
905,297
906,703
907,716
908,318
909,268
910,692
911,200
912,292
913,683
914,722
915,315
916,1023
917,700
918,279
919,285
920,679
921,728
922,308
923,846
924,706
925,309
926,279
927,682
928,0
929,303
930,735
931,712
932,318
933,274
934,688
935,95
936,296
937,693
938,718
939,317
940,259
941,695
942,239
943,290
944,680
945,724
946,313
947,996
948,702
949,292
950,284
951,680
952,731
953,306
954,798
955,707
956,313
957,277
958,684
959,0
960,300
961,717
962,714
963,318
964,272
965,690
966,155
967,294
968,687
969,721
970,315
971,1023
972,697
973,259
974,287
975,680
976,726
977,311
978,910
979,704
980,302
981,282
982,681
983,744
984,305
985,755
986,710
987,316
988,275
989,686
990,16
991,298
992,702
993,716
994,318
995,268
996,693
997,200
998,292
999,683
1000,722
