1,85
2,72
3,60
4,51
5,43
6,36
7,30
8,26
9,22
10,586
11,482
12,563
13,632
14,689
15,738
16,778
17,813
18,842
19,867
20,888
21,907
22,922
23,936
24,946
25,177
26,492
27,412
28,348
29,293
30,248
31,209
32,177
33,150
34,128
35,108
36,93
37,79
38,67
39,57
40,48
41,492
42,572
43,641
44,697
45,745
46,784
47,819
48,848
49,872
50,893
51,911
52,927
53,939
54,949
55,959
56,515
57,432
58,364
59,307
60,260
61,219
62,186
63,158
64,134
65,114
66,97
67,83
68,71
69,61
70,52
71,475
72,558
73,629
74,686
75,737
76,777
77,813
78,842
79,868
80,889
81,908
82,923
83,937
84,948
85,959
86,531
87,448
88,377
89,318
90,269
91,227
92,193
93,164
94,139
95,118
96,101
97,86
98,74
99,63
100,54
101,461
102,542
103,615
104,676
105,726
106,770
107,806
108,837
109,864
110,886
111,905
112,921
113,935
114,947
115,957
116,531
117,464
118,390
119,329
120,278
121,235
122,199
123,169
124,144
125,122
126,104
127,89
128,76
129,65
130,55
131,486
132,526
133,601
134,665
135,717
136,762
137,799
138,831
139,858
140,882
141,902
142,918
143,933
144,944
145,955
146,445
147,483
148,405
149,342
150,289
151,244
152,206
153,175
154,148
155,126
156,107
157,92
158,78
159,67
160,57
161,675
162,507
163,586
164,652
165,706
166,753
167,792
168,825
169,853
170,877
171,897
172,915
173,929
174,941
175,952
176,87
177,501
178,421
179,354
180,299
181,253
182,214
183,181
184,154
185,131
186,111
187,95
188,81
189,69
190,59
191,51
192,490
193,571
194,639
195,697
196,744
197,784
198,818
199,847
200,873
201,894
202,911
203,926
204,939
205,950
206,960
207,519
208,436
209,367
210,310
211,262
212,222
213,188
214,159
215,136
216,116
217,98
218,83
219,71
220,62
221,52
222,472
223,555
224,627
225,684
226,734
227,775
228,812
229,841
230,868
231,889
232,907
233,924
234,937
235,948
236,959
237,534
238,452
239,380
240,321
241,271
242,230
243,194
244,165
245,140
246,119
247,102
248,87
249,74
250,63
251,54
252,461
253,539
254,613
255,674
256,725
257,769
258,805
259,836
260,863
261,885
262,904
263,920
264,934
265,946
266,956
267,526
268,468
269,393
270,331
271,280
272,237
273,201
274,171
275,145
276,123
277,105
278,89
279,76
280,65
281,56
282,499
283,522
284,599
285,662
286,715
287,760
288,798
289,830
290,858
291,881
292,901
293,917
294,931
295,944
296,954
297,402
298,486
299,407
300,344
301,290
302,245
303,207
304,176
305,150
306,127
307,108
308,92
309,79
310,67
311,57
312,759
313,504
314,585
315,649
316,705
317,751
318,791
319,824
320,852
321,876
322,896
323,914
324,928
325,941
326,952
327,961
328,505
329,424
330,357
331,301
332,254
333,215
334,182
335,155
336,131
337,112
338,95
339,81
340,70
341,60
342,52
343,486
344,569
345,637
346,694
347,742
348,783
349,817
350,846
351,872
352,893
353,911
354,926
355,939
356,950
357,960
358,522
359,439
360,369
361,312
362,263
363,223
364,189
365,161
366,137
367,116
368,99
369,84
370,73
371,62
372,53
373,468
374,553
375,622
376,683
377,731
378,775
379,810
380,841
381,867
382,888
383,907
384,923
385,936
386,948
387,958
388,536
389,455
390,382
391,323
392,273
393,231
394,196
395,166
396,141
397,120
398,102
399,87
400,74
401,64
402,55
403,463
404,536
405,611
406,671
407,723
408,767
409,804
410,835
411,862
412,884
413,903
414,920
415,934
416,945
417,956
418,515
419,471
420,396
421,334
422,282
423,239
424,202
425,172
426,146
427,123
428,106
429,90
430,77
431,65
432,56
433,523
434,518
435,596
436,659
437,713
438,758
439,797
440,829
441,857
442,880
443,900
444,917
445,931
446,943
447,954
448,347
449,489
450,411
451,346
452,291
453,247
454,209
455,177
456,150
457,128
458,109
459,93
460,79
461,68
462,58
463,870
464,501
465,581
466,647
467,702
468,750
469,789
470,823
471,851
472,875
473,896
474,913
475,928
476,941
477,952
478,961
479,508
480,426
481,359
482,303
483,256
484,217
485,184
486,155
487,132
488,113
489,96
490,82
491,70
492,60
493,51
494,482
495,566
496,634
497,692
498,740
499,781
500,816
501,846
502,871
503,892
504,910
505,925
506,938
507,950
508,959
509,526
510,442
511,372
512,314
513,266
514,224
515,190
516,161
517,137
518,117
519,100
520,85
521,72
522,63
523,53
524,466
525,549
526,621
527,680
528,731
529,772
530,809
531,840
532,866
533,888
534,907
535,922
536,936
537,948
538,958
539,537
540,458
541,386
542,325
543,275
544,233
545,197
546,167
547,142
548,121
549,103
550,88
551,75
552,64
553,55
554,467
555,533
556,607
557,669
558,721
559,765
560,803
561,834
562,861
563,884
564,903
565,919
566,933
567,945
568,956
569,504
570,475
571,398
572,336
573,284
574,240
575,204
576,173
577,147
578,125
579,106
580,91
581,77
582,66
583,56
584,563
585,516
586,592
587,657
588,711
589,756
590,795
591,828
592,856
593,879
594,899
595,916
596,930
597,943
598,954
599,275
600,493
601,413
602,348
603,294
604,248
605,210
606,178
607,151
608,128
609,110
610,93
611,80
612,68
613,58
614,1016
615,497
616,578
617,645
618,701
619,748
620,788
621,821
622,849
623,874
624,894
625,912
626,927
627,941
628,951
629,961
630,511
631,428
632,361
633,304
634,257
635,218
636,185
637,156
638,133
639,114
640,97
641,83
642,71
643,60
644,51
645,479
646,562
647,632
648,690
649,739
650,780
651,815
652,844
653,870
654,891
655,909
656,925
657,938
658,949
659,959
660,530
661,445
662,375
663,316
664,267
665,226
666,191
667,163
668,139
669,118
670,100
671,86
672,73
673,63
674,54
675,464
676,545
677,619
678,678
679,729
680,771
681,808
682,839
683,865
684,886
685,906
686,922
687,936
688,947
689,957
690,536
691,462
692,388
693,327
694,277
695,234
696,198
697,168
698,143
699,122
700,103
701,88
702,75
703,64
704,55
705,473
706,529
707,604
708,667
709,719
710,764
711,801
712,833
713,860
714,883
715,902
716,919
717,932
718,945
719,955
720,480
721,478
722,401
723,339
724,286
725,242
726,205
727,174
728,148
729,126
730,107
731,91
732,78
733,67
734,57
735,601
736,512
737,590
738,655
739,709
740,755
741,794
742,827
743,854
744,878
745,898
746,915
747,930
748,942
749,953
750,202
751,496
752,415
753,350
754,296
755,250
756,212
757,180
758,153
759,130
760,110
761,94
762,80
763,69
764,59
765,50
766,494
767,575
768,643
769,699
770,746
771,787
772,820
773,849
774,873
775,894
776,911
777,927
778,940
779,951
780,961
781,514
782,432
783,363
784,307
785,259
786,219
787,186
788,158
789,134
790,114
791,97
792,83
793,71
794,61
795,52
796,476
797,559
798,630
799,687
800,737
801,778
802,814
803,844
804,868
805,890
806,909
807,924
808,938
809,949
810,959
811,532
812,449
813,377
814,318
815,269
816,227
817,193
818,164
819,139
820,118
821,101
822,86
823,74
824,63
825,54
826,462
827,542
828,616
829,676
830,727
831,770
832,806
833,837
834,864
835,886
836,906
837,921
838,935
839,947
840,957
841,535
842,465
843,391
844,330
845,279
846,236
847,200
848,169
849,144
850,122
851,104
852,89
853,76
854,65
855,55
856,483
857,526
858,602
859,665
860,717
861,762
862,799
863,832
864,858
865,882
866,901
867,918
868,932
869,944
870,955
871,451
872,481
873,405
874,341
875,288
876,244
877,207
878,175
879,149
880,126
881,107
882,91
883,78
884,67
885,57
886,674
887,509
888,587
889,653
890,707
891,753
892,792
893,825
894,854
895,877
896,897
897,914
898,929
899,941
900,952
901,87
902,499
903,419
904,353
905,298
906,252
907,213
908,181
909,154
910,130
911,111
912,95
913,81
914,69
915,59
916,51
917,490
918,573
919,640
920,697
921,745
922,784
923,819
924,848
925,873
926,893
927,911
928,927
929,940
930,951
931,960
932,518
933,434
934,366
935,308
936,261
937,220
938,187
939,159
940,135
941,115
942,98
943,84
944,71
945,61
946,52
947,473
948,556
949,627
950,686
951,735
952,777
953,812
954,842
955,868
956,889
957,908
958,924
959,937
960,949
961,958
962,534
963,451
964,379
965,320
966,271
967,228
968,194
969,165
970,140
971,119
972,102
973,86
974,74
975,63
976,54
977,460
978,540
979,612
980,674
981,725
982,768
983,805
984,836
985,863
986,885
987,904
988,921
989,935
990,947
991,956
992,528
993,468
994,394
995,332
996,280
997,237
998,201
999,170
1000,145
