1,0
2,0
3,0
4,0
5,0
6,0
7,0
8,0
9,0
10,0
11,0
12,0
13,0
14,0
15,0
16,1022
17,1022
18,1022
19,1022
20,1022
21,1022
22,1022
23,0
24,0
25,0
26,0
27,0
28,0
29,0
30,1022
31,1022
32,1021
33,1021
34,1021
35,1022
36,0
37,0
38,0
39,0
40,0
41,0
42,0
43,1022
44,1022
45,1022
46,1022
47,1022
48,1022
49,1022
50,0
51,0
52,0
53,0
54,0
55,0
56,1021
57,1022
58,1022
59,1022
60,1021
61,1022
62,1022
63,0
64,0
65,0
66,0
67,0
68,0
69,0
70,1022
71,1022
72,1022
73,1022
74,1022
75,1022
76,0
77,0
78,0
79,0
80,0
81,0
82,0
83,1022
84,1022
85,1022
86,1022
87,1022
88,1022
89,1022
90,0
91,0
92,0
93,0
94,0
95,0
96,1022
97,1022
98,1022
99,1022
100,1022
