33#
1,0
2,0
3,0
4,0
5,0
6,0
7,0
8,0
9,429
10,519
11,593
12,656
13,710
14,754
15,793
16,825
17,852
18,875
19,895
20,912
21,927
22,940
23,950
24,519
25,435
26,367
27,309
28,261
29,220
30,187
31,158
32,134
33,114
34,97
35,82
36,70
37,60
38,51
39,463
40,546
41,619
42,678
43,729
44,771
45,807
46,838
47,864
48,886
49,905
50,921
51,934
52,946
53,955
54,537
55,458
56,386
57,325
58,275
59,232
60,197
61,167
62,142
63,120
64,102
65,87
66,74
67,63
68,55
69,466
70,530
71,606
72,668
73,720
74,764
75,802
76,832
77,860
78,882
79,901
80,918
81,932
82,945
83,954
84,502
85,477
86,400
87,338
88,285
89,241
90,204
91,173
92,147
93,125
94,107
95,91
96,77
97,66
98,57
99,571
100,515
101,591
102,656
103,710
104,756
105,794
106,828
107,855
108,878
109,898
110,915
111,930
112,942
113,953
114,275
115,494
116,414
117,349
118,295
119,249
120,212
121,180
122,153
123,130
124,111
125,94
126,80
127,69
128,59
129,1023
130,496
131,577
132,644
133,700
134,747
135,786
136,821
137,850
138,874
139,894
140,913
141,927
142,940
143,951
144,961
145,513
146,430
147,362
148,306
149,258
150,219
151,186
152,157
153,134
154,114
155,97
156,83
157,71
158,61
159,52
160,477
161,561
162,631
163,689
164,738
165,779
166,815
167,844
168,869
169,890
170,909
171,925
172,938
173,949
174,959
175,530
176,446
177,376
178,317
179,267
180,227
181,192
182,163
183,139
184,118
185,100
186,85
187,73
188,62
189,54
190,462
191,544
192,618
193,677
194,728
195,771
196,807
197,838
198,864
199,886
200,905
201,921
202,935
203,947
204,957
205,536
206,464
207,389
208,329
209,278
210,235
211,199
212,168
213,143
214,122
215,104
216,88
217,75
218,64
219,55
220,472
221,528
222,604
223,666
224,719
225,763
226,801
227,832
228,860
229,882
230,901
231,918
232,932
233,945
234,954
235,482
236,480
237,403
238,340
239,287
240,243
241,206
242,175
243,148
244,126
245,107
246,91
247,78
248,67
249,57
250,616
251,510
252,589
253,654
254,709
255,754
256,793
257,826
258,854
259,878
260,898
261,915
262,929
263,942
264,952
265,182
266,497
267,417
268,352
269,297
270,251
271,213
272,181
273,154
274,131
275,111
276,95
277,81
278,69
279,59
280,50
281,493
282,573
283,642
284,697
285,746
286,785
287,820
288,848
289,873
290,894
291,912
292,927
293,940
294,951
295,960
296,516
297,432
298,364
299,307
300,260
301,220
302,187
303,159
304,135
305,115
306,98
307,84
308,71
309,61
310,52
311,474
312,558
313,628
314,687
315,736
316,778
317,813
318,843
319,868
320,890
321,908
322,924
323,938
324,949
325,958
326,533
327,450
328,377
329,319
330,269
331,228
332,193
333,164
334,140
335,119
336,102
337,86
338,74
339,63
340,54
341,461
342,543
343,614
344,675
345,726
346,770
347,806
348,837
349,863
350,886
351,905
352,921
353,935
354,946
355,957
356,534
357,466
358,393
359,331
360,280
361,237
362,200
363,170
364,144
365,123
366,104
367,89
368,76
369,65
370,55
371,483
372,525
373,601
374,664
375,717
376,761
377,799
378,831
379,859
380,881
381,901
382,917
383,932
384,944
385,954
386,453
387,483
388,406
389,342
390,289
391,245
392,207
393,176
394,149
395,127
396,108
397,92
398,78
399,67
400,57
401,675
402,507
403,586
404,652
405,706
406,753
407,792
408,825
409,853
410,877
411,897
412,914
413,929
414,942
415,952
416,60
417,501
418,420
419,355
420,299
421,253
422,215
423,182
424,154
425,131
426,112
427,95
428,81
429,70
430,60
431,51
432,489
433,571
434,639
435,695
436,744
437,783
438,818
439,846
440,872
441,893
442,911
443,926
444,939
445,950
446,960
447,518
448,436
449,367
450,310
451,262
452,222
453,188
454,160
455,136
456,116
457,99
458,85
459,72
460,62
461,53
462,471
463,556
464,626
465,684
466,734
467,776
468,812
469,842
470,868
471,890
472,908
473,924
474,937
475,948
476,959
477,536
478,452
479,380
480,321
481,272
482,230
483,195
484,165
485,140
486,119
487,102
488,87
489,74
490,63
491,54
492,461
493,538
494,612
495,674
496,725
497,768
498,805
499,836
500,863
501,885
502,904
503,920
504,934
505,946
506,956
507,528
508,470
509,394
510,334
511,281
512,237
513,202
514,171
515,145
516,123
517,105
518,89
519,76
520,65
521,56
522,503
523,522
524,598
525,662
526,715
527,760
528,797
529,830
530,857
531,880
532,900
533,917
534,931
535,944
536,954
537,403
538,487
539,409
540,345
541,292
542,247
543,209
544,177
545,150
546,128
547,109
548,92
549,79
550,67
551,58
552,788
553,504
554,582
555,649
556,704
557,751
558,790
559,823
560,852
561,876
562,897
563,913
564,928
565,941
566,952
567,961
568,504
569,424
570,357
571,302
572,255
573,216
574,183
575,156
576,132
577,113
578,95
579,82
580,70
581,60
582,51
583,486
584,568
585,637
586,694
587,742
588,782
589,817
590,846
591,871
592,892
593,910
594,926
595,939
596,950
597,959
598,523
599,439
600,370
601,312
602,264
603,223
604,189
605,161
606,136
607,116
608,99
609,85
610,72
611,62
612,53
613,468
614,551
615,623
616,682
617,733
618,774
619,811
620,841
621,867
622,888
623,907
624,923
625,937
626,948
627,958
628,536
629,456
630,382
631,323
632,273
633,231
634,196
635,166
636,141
637,120
638,102
639,87
640,74
641,64
642,54
643,462
644,536
645,610
646,671
647,722
648,767
649,803
650,835
651,862
652,884
653,903
654,920
655,934
656,945
657,956
658,517
659,472
660,398
661,335
662,283
663,239
664,203
665,172
666,146
667,124
668,106
669,90
670,77
671,66
672,56
673,525
674,518
675,595
676,659
677,713
678,757
679,797
680,828
681,856
682,880
683,900
684,916
685,931
686,943
687,954
688,360
689,490
690,411
691,347
692,293
693,248
694,210
695,178
696,151
697,129
698,109
699,93
700,79
701,68
702,58
703,869
704,500
705,581
706,646
707,702
708,749
709,789
710,823
711,851
712,875
713,895
714,913
715,928
716,941
717,952
718,960
719,509
720,427
721,360
722,304
723,257
724,217
725,184
726,157
727,133
728,113
729,96
730,82
731,70
732,60
733,51
734,482
735,565
736,634
737,692
738,740
739,781
740,816
741,845
742,870
743,892
744,909
745,925
746,938
747,949
748,958
749,526
750,442
751,372
752,314
753,266
754,225
755,191
756,161
757,138
758,117
759,100
760,85
761,73
762,62
763,53
764,465
765,550
766,620
767,681
768,731
769,773
770,809
771,840
772,865
773,887
774,906
775,922
776,936
777,948
778,957
779,537
780,459
781,385
782,325
783,274
784,233
785,197
786,167
787,142
788,121
789,103
790,88
791,75
792,64
793,55
794,465
795,532
796,607
797,669
798,721
799,765
800,802
801,833
802,860
803,883
804,902
805,919
806,933
807,945
808,955
809,503
810,477
811,400
812,337
813,285
814,241
815,204
816,173
817,147
818,125
819,107
820,91
821,78
822,66
823,57
824,562
825,516
826,591
827,657
828,710
829,756
830,795
831,827
832,855
833,878
834,899
835,916
836,930
837,943
838,954
839,292
840,494
841,415
842,350
843,296
844,250
845,211
846,179
847,152
848,129
849,110
850,94
851,80
852,69
853,59
854,1023
855,497
856,577
857,644
858,700
859,748
860,787
861,821
862,849
863,874
864,895
865,912
866,927
867,940
868,951
869,961
870,512
871,430
872,363
873,306
874,259
875,219
876,186
877,158
878,134
879,114
880,97
881,83
882,71
883,61
884,52
885,478
886,562
887,631
888,690
889,738
890,780
891,815
892,845
893,870
894,891
895,909
896,925
897,938
898,949
899,959
900,530
901,446
902,375
903,317
904,267
905,227
906,192
907,163
908,138
909,118
910,100
911,86
912,73
913,63
914,53
915,463
916,546
917,618
918,678
919,729
920,771
921,808
922,838
923,865
924,887
925,905
926,921
927,935
928,947
929,957
930,536
931,462
932,388
933,327
934,276
935,234
936,198
937,168
938,143
939,122
940,104
941,88
942,76
943,65
944,55
945,472
946,530
947,604
948,667
949,719
950,763
951,801
952,832
953,860
954,882
955,902
956,919
957,932
958,945
959,955
960,481
961,480
962,402
963,340
964,286
965,243
966,205
967,174
968,148
969,126
970,108
971,92
972,79
973,67
974,57
975,615
976,511
977,588
978,654
979,708
980,754
981,793
982,826
983,855
984,878
985,898
986,915
987,930
988,943
989,953
990,182
991,497
992,418
993,352
994,298
995,252
996,213
997,180
998,153
999,130
1000,111
