1,13
2,1023
3,501
4,109
5,887
6,417
7,298
8,807
9,1023
10,340
11,780
12,855
13,337
14,74
15,761
16,320
17,239
18,731
19,966
20,294
21,728
22,790
23,305
24,103
25,730
26,302
27,240
28,715
29,898
30,288
31,0
32,760
33,298
34,141
35,719
36,1023
37,252
38,710
39,851
40,289
41,0
42,746
43,296
44,166
45,713
46,1023
47,265
48,711
49,823
50,291
51,0
52,735
53,289
54,195
55,711
56,1014
57,272
58,718
59,795
60,293
61,53
62,726
63,291
64,219
65,709
66,931
67,279
68,712
69,772
70,294
71,105
72,719
73,1023
74,238
75,708
76,880
77,284
78,0
79,755
80,294
81,147
82,715
83,1023
84,253
85,708
86,849
87,289
88,0
89,738
90,294
91,181
92,710
93,1023
94,264
95,711
96,815
97,290
98,4
99,731
100,289
101,201
102,710
103,978
104,273
105,716
106,788
107,293
108,67
109,723
110,291
111,224
112,708
113,916
114,280
115,712
116,767
117,293
118,116
119,718
120,1023
121,242
122,708
123,869
124,286
125,0
126,751
127,294
128,156
129,713
130,1023
131,258
132,708
133,840
134,288
135,0
136,738
137,294
138,181
139,711
140,1023
141,269
142,711
143,808
144,291
145,21
146,729
147,289
148,207
149,710
150,960
151,274
152,716
153,782
154,293
155,80
156,722
157,294
158,229
159,708
160,904
161,283
162,0
163,762
164,294
165,126
166,716
167,1023
168,249
169,708
170,858
171,287
172,0
173,744
174,294
175,156
176,713
177,1023
178,262
179,708
180,830
181,289
182,0
183,735
184,292
185,188
186,710
187,1013
188,269
189,718
190,801
191,292
192,36
193,727
194,289
195,213
196,709
197,945
198,276
199,716
200,777
201,293
202,92
203,720
204,294
205,233
206,708
207,891
208,283
209,0
210,758
211,294
212,137
213,716
214,1023
215,249
216,707
217,859
218,287
219,0
220,744
221,294
222,173
223,712
224,1023
225,264
226,709
227,822
228,290
229,0
230,733
231,289
232,194
233,710
234,995
235,271
236,718
237,794
238,292
239,52
240,724
241,291
242,219
243,708
244,930
245,278
246,712
247,771
248,293
249,104
250,719
251,1023
252,237
253,707
254,880
255,284
256,0
257,754
258,295
259,137
260,713
261,1023
262,252
263,707
264,838
265,288
266,0
267,741
268,294
269,172
270,711
271,1023
272,264
273,711
274,815
275,291
276,3
277,731
278,289
279,201
280,709
281,977
282,273
283,716
284,788
285,292
286,66
287,723
288,291
289,223
290,708
291,916
292,280
293,712
294,767
295,293
296,116
297,718
298,1023
299,248
300,707
301,880
302,286
303,0
304,747
305,295
306,156
307,713
308,1023
309,256
310,707
311,831
312,289
313,0
314,737
315,294
316,180
317,711
318,1023
319,266
320,711
321,807
322,291
323,21
324,729
325,289
326,207
327,709
328,961
329,275
330,716
331,782
332,293
333,80
334,722
335,293
336,228
337,708
338,903
339,281
340,0
341,762
342,294
343,127
344,716
345,1023
346,245
347,707
348,859
349,285
350,0
351,748
352,294
353,164
354,713
355,1023
356,259
357,707
358,830
359,290
360,0
361,735
362,292
363,187
364,710
365,1013
366,269
367,718
368,800
369,291
370,36
371,727
372,289
373,213
374,709
375,945
376,277
377,716
378,777
379,294
380,93
381,720
382,294
383,233
384,707
385,892
386,282
387,0
388,758
389,294
390,127
391,715
392,1023
393,252
394,707
395,848
396,286
397,0
398,744
399,294
400,173
401,712
402,1023
403,264
404,707
405,822
406,290
407,0
408,733
409,289
410,195
411,709
412,994
413,271
414,718
415,794
416,291
417,52
418,725
419,291
420,218
421,709
422,930
423,278
424,712
425,772
426,294
427,105
428,719
429,1023
430,237
431,707
432,891
433,283
434,0
435,754
436,294
437,147
438,714
439,1023
440,252
441,707
442,839
443,288
444,0
445,741
446,294
447,172
448,711
449,1023
450,266
451,711
452,814
453,291
454,3
455,731
456,289
457,202
458,708
459,978
460,273
461,716
462,787
463,292
464,66
465,723
466,291
467,223
468,708
469,916
470,281
471,0
472,762
473,294
474,104
475,717
476,1023
477,242
478,707
479,869
480,285
481,0
482,751
483,294
484,156
485,713
486,1023
487,258
488,707
489,831
490,289
491,0
492,738
493,294
494,181
495,711
496,1023
497,268
498,711
499,807
500,291
501,21
502,729
503,289
504,207
505,709
506,960
507,275
508,716
509,782
510,293
511,80
512,719
513,293
514,233
515,708
516,916
517,282
518,0
519,762
520,293
521,126
522,716
523,1023
524,249
525,708
526,858
527,287
528,0
529,747
530,295
531,164
532,712
533,1023
534,258
535,707
536,830
537,289
538,0
539,735
540,292
541,188
542,710
543,1013
544,269
545,718
546,800
547,291
548,36
549,727
550,289
551,213
552,708
553,945
554,276
555,712
556,776
557,294
558,80
559,718
560,1023
561,238
562,708
563,891
564,282
565,0
566,758
567,294
568,137
569,715
570,1023
571,249
572,707
573,848
574,287
575,0
576,744
577,295
578,173
579,712
580,1023
581,261
582,709
583,822
584,290
585,0
586,733
587,289
588,194
589,709
590,994
591,271
592,718
593,794
594,292
595,52
596,725
597,291
598,228
599,709
600,946
601,280
602,712
603,767
604,294
605,105
606,718
607,1023
608,238
609,707
610,879
611,284
612,0
613,754
614,294
615,146
616,715
617,1023
618,252
619,708
620,840
621,288
622,0
623,741
624,295
625,173
626,711
627,1023
628,264
629,707
630,815
631,290
632,4
633,731
634,289
635,201
636,709
637,977
638,273
639,716
640,777
641,293
642,51
643,722
644,291
645,228
646,708
647,916
648,279
649,712
650,767
651,294
652,116
653,717
654,1023
655,242
656,708
657,869
658,285
659,0
660,750
661,295
662,156
663,713
664,1023
665,258
666,707
667,831
668,288
669,0
670,738
671,294
672,181
673,711
674,1023
675,269
676,711
677,807
678,292
679,21
680,728
681,289
682,207
683,708
684,959
685,276
686,716
687,777
688,293
689,79
690,721
691,294
692,228
693,708
694,903
695,281
696,0
697,763
698,294
699,127
700,716
701,1023
702,245
703,707
704,857
705,286
706,0
707,747
708,295
709,164
710,713
711,1023
712,258
713,708
714,831
715,289
716,0
717,736
718,292
719,187
720,710
721,1013
722,269
723,718
724,800
725,292
726,21
727,725
728,291
729,218
730,709
731,961
732,276
733,716
734,776
735,293
736,93
737,720
738,293
739,233
740,708
741,891
742,283
743,0
744,754
745,294
746,137
747,715
748,1023
749,249
750,707
751,848
752,287
753,0
754,743
755,295
756,173
757,711
758,1023
759,262
760,707
761,822
762,290
763,0
764,733
765,289
766,194
767,709
768,995
769,271
770,716
771,788
772,293
773,37
774,725
775,291
776,219
777,708
778,929
779,278
780,712
781,771
782,293
783,104
784,719
785,1023
786,237
787,708
788,879
789,284
790,0
791,754
792,295
793,146
794,714
795,1023
796,252
797,707
798,840
799,287
800,0
801,741
802,294
803,172
804,711
805,1023
806,266
807,707
808,814
809,291
810,3
811,727
812,289
813,207
814,709
815,995
816,275
817,716
818,788
819,292
820,66
821,724
822,291
823,224
824,708
825,917
826,280
827,712
828,766
829,294
830,116
831,717
832,1023
833,241
834,707
835,869
836,285
837,0
838,750
839,294
840,156
841,713
842,1023
843,256
844,708
845,831
846,288
847,0
848,738
849,294
850,179
851,711
852,1023
853,266
854,718
855,807
856,292
857,4
858,726
859,289
860,208
861,709
862,959
863,275
864,716
865,782
866,292
867,80
868,721
869,294
870,228
871,708
872,903
873,281
874,0
875,758
876,294
877,127
878,717
879,1023
880,245
881,707
882,859
883,285
884,0
885,747
886,294
887,164
888,713
889,1023
890,259
891,707
892,830
893,290
894,0
895,735
896,289
897,188
898,710
899,1023
900,271
901,718
902,794
903,292
904,35
905,726
906,289
907,213
908,708
909,945
910,277
911,716
912,777
913,293
914,92
915,720
916,293
917,233
918,708
919,891
920,282
921,0
922,754
923,295
924,138
925,716
926,1023
927,250
928,707
929,847
930,287
931,0
932,744
933,294
934,172
935,712
936,1023
937,261
938,709
939,807
940,290
941,0
942,733
943,289
944,201
945,709
946,994
947,271
948,718
949,794
950,292
951,52
952,725
953,291
954,218
955,708
956,945
957,278
958,712
959,771
960,294
961,105
962,719
963,1023
964,237
965,708
966,879
967,284
968,0
969,754
970,294
971,146
972,715
973,1023
974,253
975,707
976,839
977,288
978,0
979,740
980,294
981,172
982,710
983,1023
984,263
985,711
986,807
987,291
988,4
989,731
990,289
991,201
992,709
993,979
994,273
995,716
996,787
997,292
998,66
999,723
1000,291
