159
1,0
2,1022
3,1021
4,1022
5,0
6,0
7,0
8,1022
9,1022
10,1022
11,0
12,0
13,0
14,1022
15,1022
16,1022
17,1022
18,0
19,0
20,0
21,1022
22,1022
23,1022
24,0
25,0
26,0
27,1021
28,1021
29,1022
30,0
31,0
32,0
33,1022
34,1021
35,1022
36,0
37,0
38,0
39,1022
40,1022
41,1022
42,1021
43,0
44,0
45,0
46,1022
47,1022
48,1022
49,0
50,0
51,0
52,1022
53,1022
54,1022
55,0
56,0
57,0
58,1022
59,1022
60,1022
61,0
62,0
63,0
64,0
65,1022
66,1021
67,1022
68,0
69,0
70,0
71,1022
72,1022
73,1022
74,0
75,0
76,0
77,1022
78,1022
79,1022
80,0
81,0
82,0
83,1022
84,1021
85,1022
86,0
87,0
88,0
89,0
90,1022
91,1022
92,1022
93,0
94,0
95,0
96,1022
97,1022
98,1022
99,0
100,0
101,0
102,1022
103,1022
104,1022
105,0
106,0
107,0
108,1022
109,1021
110,1022
111,1021
112,0
113,0
114,0
115,1022
116,1022
117,1022
118,0
119,0
120,0
121,1022
122,1022
123,1022
124,0
125,0
126,0
127,1021
128,1022
129,1022
130,0
131,0
132,0
133,0
134,1022
135,1022
136,1022
137,0
138,0
139,0
140,1022
141,1022
142,1022
143,0
144,0
145,0
146,1022
147,1022
148,1022
149,0
150,0
151,0
152,1022
153,1021
154,1022
155,0
156,0
157,0
158,0
159,1021
160,1022
161,1022
162,0
163,0
164,0
165,1022
166,1022
167,1022
168,0
169,0
170,0
171,1022
172,1021
173,1022
174,0
175,0
176,0
177,1022
178,1021
179,1022
180,1021
181,0
182,0
183,0
184,1022
185,1021
186,1022
187,0
188,0
189,0
190,1022
191,1022
192,1021
193,0
194,0
195,0
196,1022
197,1022
198,1022
199,0
200,0
201,0
202,0
203,1022
204,1021
205,1022
206,0
207,0
208,0
209,1022
210,1022
211,1022
212,0
213,0
214,0
215,1022
216,1022
217,1021
218,0
219,0
220,0
221,1022
222,1022
223,1022
224,0
225,0
226,0
227,0
228,1022
229,1022
230,1021
231,0
232,0
233,0
234,1020
235,1022
236,1022
237,0
238,0
239,0
240,1022
241,1022
242,1022
243,0
244,0
245,0
246,1022
247,1022
248,1022
249,1022
250,0
251,0
252,0
253,1022
254,1022
255,1021
256,0
257,0
258,0
259,1021
260,1021
261,1022
262,0
263,0
264,0
265,1022
266,1022
267,1022
268,0
269,0
270,0
271,0
272,1021
273,1022
274,1022
275,0
276,0
277,0
278,1022
279,1022
280,1022
281,0
282,0
283,0
284,1022
285,1022
286,1022
287,0
288,0
289,0
290,1022
291,1022
292,1022
293,0
294,0
295,0
296,0
297,1022
298,1022
299,1022
300,0
301,0
302,0
303,1022
304,1022
305,1022
306,0
307,0
308,0
309,1022
310,1021
311,1022
312,0
313,0
314,0
315,1022
316,1022
317,1022
318,1022
319,0
320,0
321,0
322,1022
323,1022
324,1022
325,0
326,0
327,0
328,1022
329,1022
330,1022
331,0
332,0
333,0
334,1022
335,1021
336,1022
337,0
338,0
339,0
340,0
341,1022
342,1022
343,1022
344,0
345,0
346,0
347,1022
348,1022
349,1022
350,0
351,0
352,0
353,1022
354,1022
355,1022
356,0
357,0
358,0
359,1021
360,1022
361,1022
362,0
363,0
364,0
365,0
366,1022
367,1022
368,1022
369,0
370,0
371,0
372,1022
373,1022
374,1022
375,0
376,0
377,0
378,1022
379,1022
380,1022
381,0
382,0
383,0
384,1022
385,1022
386,1022
387,1022
388,0
389,0
390,0
391,1022
392,1022
393,1022
394,0
395,0
396,0
397,1022
398,1022
399,1022
400,0
401,0
402,0
403,1022
404,1022
405,1022
406,0
407,0
408,0
409,0
410,1021
411,1022
412,1021
413,0
414,0
415,0
416,1022
417,1022
418,1022
419,0
420,0
421,0
422,1022
423,1022
424,1022
425,0
426,0
427,0
428,1021
429,1022
430,1022
431,0
432,0
433,0
434,0
435,1022
436,1021
437,1022
438,0
439,0
440,0
441,1022
442,1022
443,1022
444,0
445,0
446,0
447,1022
448,1022
449,1022
450,0
451,0
452,0
453,1022
454,1022
455,1022
456,1022
457,0
458,0
459,0
460,1022
461,1022
462,1021
463,0
464,0
465,0
466,1021
467,1022
468,1022
469,0
470,0
471,0
472,1022
473,1022
474,1022
475,0
476,0
477,0
478,0
479,1022
480,1022
481,1022
482,0
483,0
484,0
485,1022
486,1021
487,1022
488,0
489,0
490,0
491,1021
492,1022
493,1021
494,0
495,0
496,0
497,1022
498,1022
499,1022
500,0
501,0
502,0
503,0
504,1022
505,1022
506,1022
507,0
508,0
509,0
510,1021
511,1022
512,1022
513,0
514,0
515,0
516,1022
517,1021
518,1022
519,0
520,0
521,0
522,1022
523,1022
524,1022
525,1022
526,0
527,0
528,0
529,1022
530,1021
531,1022
532,0
533,0
534,0
535,1022
536,1022
537,1022
538,0
539,0
540,0
541,1022
542,1022
543,1022
544,0
545,0
546,0
547,1022
548,1022
549,1022
550,1022
551,0
552,0
553,0
554,1022
555,1022
556,1022
557,0
558,0
559,0
560,1022
561,1022
562,1022
563,0
564,0
565,0
566,1022
567,1022
568,1021
569,0
570,0
571,0
572,0
573,1022
574,1022
575,1022
576,0
577,0
578,0
579,1022
580,1022
581,1022
582,0
583,0
584,0
585,1022
586,1022
587,1022
588,0
589,0
590,0
591,1021
592,1022
593,1022
594,1022
595,0
596,0
597,0
598,1022
599,1022
600,1022
601,0
602,0
603,0
604,1022
605,1022
606,1022
607,0
608,0
609,0
610,1021
611,1022
612,1022
613,0
614,0
615,0
616,1022
617,1022
618,1022
619,1022
620,0
621,0
622,0
623,1022
624,1022
625,1021
626,0
627,0
628,0
629,1022
630,1022
631,1022
632,0
633,0
634,0
635,1022
636,1022
637,1022
638,0
639,0
640,0
641,0
642,1022
643,1022
644,1022
645,0
646,0
647,0
648,1022
649,1022
650,1022
651,0
652,0
653,0
654,1022
655,1022
656,1022
657,0
658,0
659,0
660,1021
661,1022
662,1022
663,1022
664,0
665,0
666,0
667,1022
668,1022
669,1022
670,0
671,0
672,0
673,1022
674,1022
675,1022
676,0
677,0
678,0
679,1022
680,1022
681,1022
682,0
683,0
684,0
685,1021
686,1022
687,1022
688,1022
689,0
690,0
691,0
692,1021
693,1021
694,1021
695,0
696,0
697,0
698,1022
699,1022
700,1022
701,0
702,0
703,0
704,1022
705,1022
706,1022
707,0
708,0
709,0
710,0
711,1022
712,1021
713,1021
714,0
715,0
716,0
717,1022
718,1022
719,1021
720,0
721,0
722,0
723,1022
724,1021
725,1022
726,0
727,0
728,0
729,1022
730,1022
731,1022
732,1022
733,0
734,0
735,0
736,1022
737,1022
738,1021
739,0
740,0
741,0
742,1022
743,1022
744,1022
745,0
746,0
747,0
748,1022
749,1022
750,1022
751,0
752,0
753,0
754,1022
755,1022
756,1022
757,1022
758,0
759,0
760,0
761,1022
762,1022
763,1022
764,0
765,0
766,0
767,1022
768,1022
769,1022
770,0
771,0
772,0
773,1022
774,1022
775,1022
776,0
777,0
778,0
779,0
780,1022
781,1022
782,1022
783,0
784,0
785,0
786,1022
787,1022
788,1022
789,0
790,0
791,0
792,1021
793,1022
794,1021
795,0
796,0
797,0
798,1022
799,1021
800,1022
801,1022
802,0
803,0
804,0
805,1022
806,1022
807,1022
808,0
809,0
810,0
811,1022
812,1021
813,1022
814,0
815,0
816,0
817,1022
818,1022
819,1022
820,0
821,0
822,0
823,1021
824,1021
825,1022
826,1022
827,0
828,0
829,0
830,1022
831,1022
832,1022
833,0
834,0
835,0
836,1022
837,1022
838,1022
839,0
840,0
841,0
842,1021
843,1022
844,1021
845,0
846,0
847,0
848,0
849,1022
850,1022
851,1021
852,0
853,0
854,0
855,1022
856,1022
857,1022
858,0
859,0
860,0
861,1022
862,1022
863,1022
864,0
865,0
866,0
867,1022
868,1021
869,1022
870,1021
871,0
872,0
873,0
874,1022
875,1022
876,1022
877,0
878,0
879,0
880,1022
881,1022
882,1022
883,0
884,0
885,0
886,1022
887,1022
888,1022
889,0
890,0
891,0
892,1022
893,1022
894,1022
895,1022
896,0
897,0
898,0
899,1022
900,1022
901,1022
902,0
903,0
904,0
905,1022
906,1022
907,1022
908,0
909,0
910,0
911,1022
912,1021
913,1022
914,0
915,0
916,0
917,0
918,1022
919,1022
920,1022
921,0
922,0
923,0
924,1022
925,1022
926,1022
927,0
928,0
929,0
930,1022
931,1022
932,1022
933,0
934,0
935,0
936,1022
937,1022
938,1022
939,0
940,0
941,0
942,0
943,1022
944,1022
945,1021
946,0
947,0
948,0
949,1022
950,1021
951,1022
952,0
953,0
954,0
955,1022
956,1022
957,1022
958,0
959,0
960,0
961,1022
962,1022
963,1022
964,1022
965,0
966,0
967,0
968,1022
969,1022
970,1022
971,0
972,0
973,0
974,1022
975,1022
976,1021
977,0
978,0
979,0
980,1022
981,1022
982,1022
983,0
984,0
985,0
986,0
987,1022
988,1022
989,1022
990,0
991,0
992,0
993,1022
994,1021
995,1022
996,0
997,0
998,0
999,1022
1000,1022
