125
1,0
2,0
3,427
4,516
5,592
6,655
7,256
8,213
9,177
10,148
11,569
12,638
13,695
14,743
15,329
16,275
17,230
18,194
19,610
20,674
21,726
22,770
23,351
24,294
25,247
26,207
27,623
28,686
29,735
30,778
31,360
32,301
33,252
34,212
35,627
36,689
37,739
38,781
39,362
40,302
41,254
42,213
43,630
44,690
45,740
46,782
47,363
48,304
49,255
50,215
51,631
52,691
53,742
54,783
55,363
56,305
57,256
58,216
59,631
60,691
61,740
62,782
63,364
64,305
65,256
66,216
67,631
68,692
69,742
70,783
71,364
72,305
73,256
74,215
75,631
76,692
77,742
78,783
79,364
80,305
81,256
82,216
83,632
84,692
85,742
86,784
87,364
88,306
89,257
90,216
91,632
92,693
93,742
94,784
95,364
96,305
97,256
98,216
99,631
100,692
101,742
102,784
103,365
104,305
105,256
106,217
107,632
108,692
109,742
110,784
111,365
112,306
113,257
114,217
115,631
116,692
117,742
118,784
119,365
120,305
121,256
122,216
123,632
124,693
125,742
126,784
127,365
128,306
129,257
130,217
131,631
132,692
133,742
134,784
135,365
136,306
137,257
138,216
139,632
140,692
141,742
142,784
143,364
144,306
145,257
146,216
147,632
148,692
149,742
150,784
151,365
152,306
153,257
154,216
155,632
156,692
157,743
158,784
159,365
160,305
161,257
162,216
163,632
164,692
165,742
166,784
167,365
168,306
169,257
170,216
171,632
172,692
173,742
174,784
175,364
176,305
177,256
178,217
179,632
180,692
181,742
182,784
183,365
184,305
185,257
186,217
187,632
188,692
189,742
190,784
191,365
192,305
193,256
194,216
195,632
196,692
197,742
198,785
199,364
200,305
201,257
202,217
203,632
204,693
205,742
206,784
207,364
208,305
209,257
210,216
211,632
212,692
213,742
214,784
215,365
216,306
217,257
218,217
219,632
220,692
221,742
222,784
223,364
224,305
225,256
226,216
227,632
228,692
229,742
230,784
231,365
232,306
233,257
234,216
235,632
236,693
237,742
238,784
239,364
240,305
241,256
242,216
243,632
244,692
245,742
246,784
247,364
248,306
249,257
250,216
251,632
252,692
253,742
254,784
255,365
256,305
257,256
258,216
259,632
260,692
261,743
262,784
263,365
264,306
265,257
266,216
267,631
268,693
269,742
270,784
271,365
272,306
273,256
274,216
275,632
276,693
277,742
278,784
279,365
280,306
281,257
282,217
283,632
284,693
285,743
286,785
287,365
288,306
289,257
290,216
291,632
292,692
293,741
294,783
295,365
296,306
297,257
298,216
299,633
300,692
301,742
302,784
303,365
304,306
305,256
306,216
307,632
308,693
309,742
310,784
311,365
312,306
313,257
314,216
315,632
316,693
317,742
318,785
319,365
320,306
321,257
322,216
323,632
324,693
325,742
326,784
327,365
328,305
329,257
330,217
331,632
332,693
333,743
334,784
335,365
336,306
337,257
338,216
339,632
340,693
341,742
342,784
343,364
344,306
345,257
346,217
347,632
348,692
349,743
350,784
351,365
352,305
353,257
354,216
355,632
356,693
357,742
358,785
359,365
360,306
361,257
362,216
363,632
364,693
365,742
366,784
367,365
368,306
369,257
370,217
371,632
372,692
373,742
374,784
375,364
376,305
377,256
378,216
379,632
380,693
381,742
382,784
383,365
384,306
385,257
386,216
387,632
388,692
389,742
390,784
391,364
392,305
393,256
394,216
395,632
396,692
397,742
398,784
399,365
400,306
401,257
402,217
403,631
404,692
405,742
406,784
407,365
408,305
409,256
410,216
411,631
412,692
413,742
414,784
415,365
416,306
417,257
418,217
419,632
420,693
421,742
422,784
423,365
424,305
425,256
426,216
427,632
428,692
429,742
430,784
431,364
432,306
433,257
434,216
435,632
436,693
437,743
438,784
439,364
440,305
441,257
442,217
443,632
444,692
445,742
446,784
447,365
448,306
449,257
450,217
451,632
452,693
453,743
454,784
455,364
456,305
457,256
458,216
459,631
460,692
461,742
462,784
463,365
464,306
465,257
466,216
467,632
468,693
469,742
470,784
471,364
472,306
473,257
474,216
475,633
476,692
477,742
478,784
479,365
480,306
481,257
482,217
483,632
484,693
485,742
486,784
487,365
488,305
489,256
490,216
491,632
492,692
493,742
494,784
495,365
496,306
497,257
498,217
499,632
500,692
501,742
502,784
503,365
504,305
505,257
506,216
507,632
508,693
509,743
510,784
511,365
512,306
513,257
514,217
515,632
516,692
517,742
518,784
519,365
520,306
521,257
522,216
523,632
524,693
525,742
526,784
527,365
528,306
529,257
530,216
531,632
532,693
533,743
534,784
535,365
536,306
537,256
538,216
539,632
540,693
541,742
542,784
543,365
544,305
545,257
546,217
547,632
548,692
549,743
550,784
551,365
552,306
553,257
554,216
555,632
556,692
557,742
558,784
559,364
560,306
561,257
562,216
563,632
564,692
565,742
566,784
567,365
568,306
569,257
570,216
571,632
572,693
573,742
574,784
575,365
576,305
577,256
578,216
579,632
580,693
581,743
582,784
583,365
584,305
585,257
586,216
587,632
588,693
589,742
590,784
591,364
592,305
593,256
594,216
595,632
596,692
597,742
598,784
599,364
600,306
601,257
602,217
603,632
604,692
605,743
606,784
607,364
608,305
609,256
610,216
611,632
612,693
613,742
614,784
615,365
616,306
617,257
618,216
619,632
620,693
621,743
622,784
623,365
624,305
625,256
626,216
627,632
628,693
629,742
630,784
631,365
632,306
633,257
634,216
635,632
636,692
637,742
638,785
639,364
640,305
641,256
642,216
643,632
644,692
645,742
646,784
647,365
648,306
649,257
650,217
651,632
652,692
653,743
654,784
655,365
656,305
657,256
658,216
659,632
660,692
661,742
662,784
663,365
664,306
665,257
666,216
667,632
668,693
669,742
670,784
671,364
672,306
673,257
674,216
675,632
676,692
677,742
678,784
679,365
680,306
681,257
682,217
683,632
684,692
685,742
686,784
687,364
688,306
689,256
690,216
691,632
692,693
693,743
694,784
695,365
696,306
697,257
698,216
699,632
700,693
701,743
702,784
703,366
704,305
705,257
706,216
707,632
708,693
709,742
710,785
711,365
712,306
713,257
714,216
715,632
716,692
717,743
718,784
719,365
720,306
721,257
722,216
723,632
724,693
725,743
726,784
727,364
728,306
729,257
730,217
731,632
732,692
733,742
734,784
735,365
736,305
737,256
738,216
739,632
740,692
741,743
742,784
743,365
744,306
745,257
746,217
747,632
748,693
749,743
750,785
751,365
752,306
753,257
754,217
755,632
756,693
757,741
758,783
759,365
760,306
761,257
762,216
763,632
764,692
765,742
766,784
767,365
768,306
769,257
770,217
771,633
772,693
773,743
774,784
775,364
776,305
777,256
778,216
779,632
780,693
781,742
782,784
783,365
784,306
785,257
786,216
787,632
788,692
789,743
790,784
791,364
792,305
793,256
794,216
795,632
796,692
797,743
798,784
799,365
800,306
801,257
802,217
803,632
804,692
805,742
806,784
807,365
808,305
809,256
810,216
811,632
812,691
813,742
814,783
815,364
816,306
817,257
818,216
819,632
820,693
821,743
822,784
823,364
824,305
825,256
826,216
827,632
828,693
829,742
830,784
831,365
832,306
833,257
834,216
835,632
836,692
837,742
838,784
839,364
840,305
841,256
842,216
843,632
844,692
845,742
846,784
847,365
848,306
849,257
850,216
851,632
852,693
853,742
854,784
855,364
856,306
857,257
858,216
859,632
860,692
861,742
862,784
863,365
864,306
865,257
866,216
867,632
868,693
869,742
870,784
871,364
872,305
873,256
874,216
875,632
876,692
877,742
878,784
879,365
880,306
881,257
882,217
883,631
884,693
885,742
886,784
887,365
888,305
889,256
890,216
891,631
892,692
893,742
894,784
895,365
896,305
897,257
898,217
899,632
900,692
901,742
902,784
903,365
904,306
905,257
906,217
907,632
908,692
909,742
910,783
911,365
912,306
913,257
914,216
915,632
916,692
917,743
918,784
919,365
920,306
921,256
922,216
923,632
924,693
925,743
926,784
927,365
928,306
929,257
930,216
931,632
932,693
933,743
934,784
935,365
936,306
937,256
938,216
939,632
940,692
941,742
942,784
943,364
944,306
945,257
946,216
947,632
948,692
949,743
950,784
951,365
952,306
953,257
954,216
955,632
956,693
957,743
958,784
959,365
960,305
961,256
962,216
963,631
964,693
965,742
966,784
967,365
968,305
969,257
970,216
971,632
972,693
973,742
974,784
975,364
976,305
977,256
978,216
979,632
980,693
981,742
982,784
983,365
984,306
985,257
986,217
987,631
988,692
989,741
990,783
991,364
992,305
993,257
994,216
995,632
996,693
997,742
998,784
999,365
1000,306
