1084
1,0
2,0
3,41
4,97
5,1023
6,863
7,748
8,691
9,665
10,669
11,0
12,13
13,126
14,192
15,230
16,247
17,1023
18,894
19,798
20,747
21,721
22,712
23,0
24,103
25,194
26,241
27,264
28,1023
29,1005
30,865
31,787
32,746
33,734
34,0
35,59
36,166
37,227
38,260
39,275
40,1023
41,914
42,816
43,762
44,736
45,720
46,0
47,110
48,196
49,243
50,268
51,1023
52,991
53,859
54,786
55,746
56,734
57,0
58,61
59,168
60,229
61,263
62,275
63,1023
64,917
65,817
66,763
67,735
68,721
69,0
70,111
71,197
72,245
73,268
74,1023
75,991
76,859
77,786
78,747
79,734
80,0
81,61
82,168
83,228
84,262
85,275
86,1023
87,929
88,826
89,767
90,737
91,728
92,0
93,112
94,197
95,245
96,268
97,1023
98,991
99,860
100,787
101,747
102,734
103,0
104,62
105,169
106,229
107,263
108,275
109,1023
110,916
111,817
112,763
113,736
114,722
115,0
116,112
117,197
118,245
119,268
120,1023
121,992
122,860
123,787
124,747
125,734
126,0
127,62
128,168
129,224
130,259
131,275
132,1023
133,929
134,825
135,767
136,738
137,720
138,0
139,123
140,203
141,249
142,272
143,1023
144,1009
145,860
146,786
147,747
148,734
149,0
150,62
151,169
152,229
153,262
154,275
155,1023
156,917
157,818
158,763
159,736
160,721
161,0
162,122
163,203
164,248
165,272
166,1023
167,1011
168,870
169,792
170,750
171,734
172,0
173,47
174,160
175,225
176,260
177,275
178,1023
179,930
180,825
181,767
182,737
183,720
184,0
185,123
186,203
187,249
188,272
189,1023
190,1010
191,870
192,792
193,751
194,734
195,0
196,62
197,168
198,229
199,262
200,275
201,1023
202,916
203,818
204,763
205,735
206,721
207,0
208,107
209,197
210,246
211,268
212,1023
213,991
214,870
215,792
216,748
217,735
218,0
219,48
220,160
221,225
222,260
223,275
224,1023
225,929
226,825
227,767
228,737
229,720
230,0
231,122
232,203
233,248
234,272
235,1023
236,1010
237,870
238,793
239,750
240,734
241,0
242,62
243,169
244,230
245,262
246,275
247,1023
248,917
249,817
250,763
251,735
252,721
253,0
254,112
255,197
256,249
257,268
258,1023
259,991
260,870
261,792
262,750
263,734
264,0
265,47
266,160
267,224
268,260
269,275
270,1023
271,930
272,825
273,768
274,737
275,721
276,0
277,123
278,203
279,248
280,272
281,1023
282,1011
283,870
284,792
285,750
286,734
287,0
288,48
289,160
290,224
291,260
292,275
293,1023
294,929
295,825
296,767
297,737
298,721
299,0
300,112
301,197
302,245
303,268
304,1023
305,1010
306,870
307,792
308,750
309,734
310,0
311,47
312,160
313,224
314,259
315,275
316,1023
317,930
318,825
319,767
320,738
321,720
322,0
323,122
324,203
325,249
326,272
327,1023
328,1011
329,870
330,793
331,750
332,734
333,0
334,62
335,169
336,230
337,263
338,275
339,1023
340,916
341,818
342,768
343,738
344,728
345,0
346,111
347,197
348,245
349,268
350,1023
351,991
352,860
353,787
354,747
355,734
356,0
357,62
358,168
359,229
360,263
361,275
362,1023
363,916
364,818
365,763
366,736
367,721
368,0
369,112
370,197
371,245
372,268
373,1023
374,993
375,860
376,787
377,747
378,734
379,0
380,62
381,168
382,229
383,262
384,275
385,1023
386,929
387,826
388,767
389,737
390,721
391,0
392,123
393,204
394,249
395,272
396,1023
397,1010
398,870
399,793
400,750
401,734
402,0
403,62
404,169
405,230
406,263
407,279
408,1023
409,917
410,818
411,763
412,735
413,722
414,0
415,111
416,197
417,245
418,268
419,1023
420,992
421,860
422,786
423,748
424,734
425,0
426,62
427,169
428,225
429,260
430,275
431,1023
432,929
433,824
434,767
435,737
436,720
437,0
438,123
439,203
440,248
441,272
442,1023
443,1010
444,870
445,793
446,750
447,734
448,0
449,48
450,160
451,225
452,260
453,275
454,1023
455,930
456,826
457,767
458,738
459,720
460,0
461,122
462,203
463,248
464,272
465,1023
466,1010
467,870
468,792
469,750
470,734
471,0
472,62
473,160
474,225
475,263
476,279
477,1023
478,917
479,818
480,764
481,736
482,721
483,0
484,112
485,197
486,245
487,268
488,1023
489,991
490,860
491,787
492,747
493,734
494,0
495,62
496,168
497,229
498,262
499,275
500,1023
501,918
502,817
503,764
504,736
505,728
506,0
507,113
508,197
509,246
510,268
511,1023
512,991
513,869
514,792
515,747
516,734
517,0
518,48
519,160
520,225
521,260
522,275
523,1023
524,929
525,825
526,767
527,738
528,721
529,0
530,123
531,203
532,249
533,272
534,1023
535,1010
536,870
537,792
538,750
539,734
540,0
541,48
542,160
543,225
544,260
545,275
546,1023
547,929
548,826
549,768
550,737
551,721
552,0
553,123
554,203
555,249
556,268
557,1023
558,1011
559,860
560,792
561,750
562,734
563,0
564,47
565,160
566,224
567,260
568,275
569,1023
570,930
571,825
572,767
573,737
574,721
575,0
576,123
577,203
578,248
579,272
580,1023
581,1010
582,870
583,792
584,749
585,734
586,0
587,48
588,161
589,225
590,260
591,275
592,1023
593,929
594,825
595,768
596,737
597,720
598,0
599,123
600,197
601,245
602,268
603,1023
604,1010
605,871
606,793
607,750
608,734
609,0
610,48
611,160
612,224
613,260
614,275
615,1023
616,929
617,825
618,768
619,737
620,721
621,0
622,123
623,203
624,249
625,272
626,1023
627,1010
628,870
629,792
630,750
631,734
632,0
633,48
634,160
635,224
636,260
637,275
638,1023
639,930
640,818
641,767
642,737
643,728
644,0
645,111
646,197
647,245
648,268
649,1023
650,992
651,860
652,787
653,747
654,734
655,0
656,62
657,169
658,230
659,263
660,279
661,1023
662,916
663,817
664,764
665,735
666,721
667,0
668,112
669,197
670,245
671,268
672,1023
673,991
674,860
675,787
676,747
677,734
678,0
679,55
680,168
681,230
682,263
683,275
684,1023
685,929
686,817
687,767
688,734
689,721
690,0
691,112
692,197
693,245
694,268
695,1023
696,992
697,860
698,787
699,747
700,734
701,0
702,62
703,169
704,229
705,263
706,275
707,1023
708,917
709,817
710,764
711,735
712,728
713,0
714,112
715,197
716,245
717,268
718,1023
719,991
720,860
721,787
722,747
723,734
724,0
725,62
726,161
727,225
728,263
729,275
730,1023
731,930
732,826
733,768
734,737
735,720
736,0
737,123
738,204
739,249
740,272
741,1023
742,1009
743,869
744,792
745,750
746,734
747,0
748,48
749,160
750,224
751,260
752,275
753,1023
754,930
755,825
756,768
757,737
758,721
759,0
760,124
761,204
762,248
763,272
764,1023
765,1010
766,870
767,793
768,747
769,734
770,0
771,62
772,161
773,225
774,260
775,275
776,1023
777,929
778,825
779,768
780,737
781,720
782,0
783,123
784,203
785,248
786,272
787,1023
788,1009
789,870
790,792
791,750
792,734
793,0
794,48
795,160
796,224
797,259
798,275
799,1023
800,930
801,825
802,767
803,738
804,720
805,0
806,123
807,204
808,249
809,272
810,1023
811,993
812,870
813,792
814,747
815,735
816,0
817,62
818,168
819,229
820,262
821,275
822,1023
823,917
824,818
825,764
826,735
827,721
828,0
829,112
830,197
831,245
832,268
833,1023
834,992
835,860
836,787
837,747
838,734
839,0
840,62
841,169
842,230
843,263
844,279
845,1023
846,917
847,817
848,763
849,735
850,721
851,0
852,112
853,197
854,245
855,268
856,1023
857,1011
858,860
859,792
860,750
861,734
862,0
863,48
864,160
865,224
866,260
867,275
868,1023
869,930
870,825
871,768
872,737
873,720
874,0
875,123
876,203
877,249
878,272
879,1023
880,1010
881,870
882,792
883,750
884,734
885,0
886,48
887,161
888,225
889,260
890,275
891,1023
892,929
893,825
894,767
895,737
896,720
897,0
898,111
899,197
900,245
901,268
902,1023
903,991
904,860
905,787
906,747
907,734
908,0
909,62
910,169
911,229
912,263
913,279
914,1023
915,917
916,817
917,763
918,735
919,722
920,0
921,112
922,197
923,245
924,268
925,1023
926,991
927,861
928,787
929,747
930,734
931,0
932,62
933,168
934,229
935,262
936,275
937,1023
938,916
939,818
940,768
941,735
942,721
943,0
944,123
945,203
946,248
947,272
948,1023
949,1010
950,870
951,792
952,750
953,734
954,0
955,47
956,160
957,225
958,260
959,275
960,1023
961,930
962,825
963,768
964,738
965,720
966,0
967,123
968,203
969,248
970,272
971,1023
972,1009
973,869
974,792
975,750
976,734
977,0
978,48
979,160
980,224
981,260
982,275
983,1023
984,916
985,825
986,767
987,735
988,728
989,0
990,112
991,197
992,245
993,268
994,1023
995,991
996,859
997,786
998,747
999,734
1000,0
