87
1,338
2,289
3,244
4,206
5,175
6,148
7,127
8,107
9,92
10,78
11,67
12,57
13,49
14,42
15,36
16,463
17,548
18,619
19,679
20,729
21,59
22,327
23,273
24,229
25,193
26,163
27,572
28,616
29,678
30,729
31,773
32,809
33,394
34,331
35,278
36,234
37,198
38,1023
39,607
40,671
41,724
42,769
43,806
44,364
45,362
46,303
47,255
48,215
49,183
50,585
51,651
52,707
53,754
54,793
55,827
56,391
57,327
58,275
59,231
60,196
61,687
62,626
63,687
64,738
65,780
66,815
67,407
68,351
69,295
70,248
71,209
72,177
73,599
74,665
75,719
76,764
77,803
78,194
79,375
80,316
81,265
82,224
83,189
84,591
85,640
86,700
87,746
88,787
89,821
90,402
91,338
92,284
93,239
94,201
95,1021
96,614
97,677
98,730
99,773
100,810
101,383
102,363
103,304
104,256
105,216
106,183
107,589
108,655
109,710
110,756
111,796
112,828
113,388
114,325
115,273
116,230
117,195
118,657
119,629
120,689
121,739
122,781
123,816
124,408
125,349
126,292
127,246
128,208
129,176
130,602
131,668
132,721
133,766
134,804
135,263
136,374
137,314
138,263
139,223
140,188
141,589
142,644
143,701
144,749
145,789
146,824
147,399
148,335
149,281
150,237
151,200
152,885
153,617
154,680
155,731
156,775
157,811
158,392
159,359
160,302
161,254
162,214
163,181
164,589
165,656
166,711
167,759
168,797
169,0
170,386
171,322
172,272
173,229
174,193
175,631
176,632
177,692
178,741
179,784
180,818
181,407
182,346
183,291
184,245
185,207
186,175
187,604
188,669
189,723
190,767
191,805
192,297
193,371
194,311
195,261
196,220
197,186
198,586
199,646
200,703
201,751
202,791
203,825
204,397
205,333
206,280
207,236
208,199
209,810
210,620
211,682
212,733
213,776
214,812
215,399
216,356
217,299
218,252
219,212
220,180
221,593
222,660
223,714
224,761
225,799
226,0
227,382
228,321
229,269
230,227
231,192
232,614
233,635
234,694
235,743
236,784
237,819
238,407
239,344
240,289
241,244
242,206
243,167
244,607
245,672
246,725
247,770
248,807
249,330
250,368
251,309
252,260
253,220
254,185
255,586
256,649
257,705
258,753
259,793
260,826
261,395
262,330
263,278
264,234
265,198
266,752
267,622
268,684
269,735
270,777
271,813
272,403
273,355
274,297
275,251
276,211
277,178
278,595
279,662
280,716
281,762
282,801
283,81
284,380
285,319
286,268
287,226
288,191
289,601
290,638
291,697
292,745
293,786
294,820
295,405
296,340
297,287
298,241
299,203
300,172
301,610
302,674
303,726
304,770
305,808
306,360
307,366
308,307
309,258
310,217
311,185
312,587
313,652
314,707
315,755
316,794
317,827
318,393
319,329
320,277
321,233
322,197
323,703
324,626
325,686
326,737
327,779
328,815
329,406
330,352
331,295
332,249
333,210
334,177
335,598
336,664
337,718
338,764
339,802
340,166
341,378
342,316
343,266
344,224
345,189
346,595
347,639
348,698
349,746
350,788
351,822
352,404
353,339
354,285
355,240
356,202
357,1023
358,613
359,677
360,729
361,772
362,810
363,376
364,363
365,304
366,256
367,216
368,183
369,588
370,654
371,709
372,757
373,795
374,828
375,389
376,326
377,274
378,230
379,195
380,666
381,628
382,688
383,739
384,781
385,816
386,408
387,349
388,293
389,247
390,209
391,177
392,600
393,666
394,719
395,765
396,802
397,231
398,374
399,314
400,264
401,223
402,188
403,590
404,643
405,700
406,749
407,789
408,824
409,400
410,336
411,282
412,238
413,201
414,947
415,616
416,679
417,731
418,774
419,810
420,389
421,361
422,303
423,255
424,215
425,182
426,590
427,656
428,711
429,758
430,798
431,829
432,386
433,324
434,272
435,230
436,194
437,635
438,630
439,691
440,741
441,783
442,817
443,407
444,346
445,291
446,245
447,207
448,175
449,604
450,669
451,722
452,766
453,805
454,290
455,372
456,312
457,263
458,221
459,187
460,588
461,646
462,702
463,750
464,791
465,824
466,398
467,335
468,281
469,237
470,200
471,834
472,619
473,682
474,733
475,776
476,811
477,395
478,357
479,300
480,252
481,213
482,180
483,592
484,658
485,713
486,760
487,798
488,0
489,384
490,322
491,271
492,228
493,192
494,620
495,633
496,693
497,742
498,784
499,819
500,407
501,345
502,289
503,244
504,206
505,172
506,607
507,671
508,724
509,768
510,806
511,324
512,368
513,310
514,260
515,219
516,185
517,586
518,648
519,704
520,752
521,792
522,826
523,396
524,332
525,279
526,235
527,198
528,776
529,622
530,683
531,735
532,777
533,813
534,403
535,356
536,299
537,252
538,212
539,179
540,594
541,661
542,715
543,761
544,800
545,40
546,380
547,319
548,268
549,226
550,191
551,604
552,636
553,696
554,744
555,786
556,820
557,406
558,342
559,287
560,242
561,204
562,172
563,609
564,673
565,727
566,770
567,807
568,352
569,367
570,308
571,259
572,218
573,185
574,586
575,650
576,706
577,754
578,793
579,827
580,392
581,329
582,276
583,233
584,197
585,711
586,624
587,686
588,736
589,779
590,814
591,405
592,352
593,296
594,249
595,210
596,177
597,597
598,664
599,718
600,763
601,801
602,134
603,379
604,317
605,267
606,225
607,190
608,598
609,639
610,697
611,746
612,787
613,822
614,403
615,340
616,285
617,241
618,203
619,1023
620,612
621,676
622,728
623,772
624,808
625,367
626,363
627,305
628,257
629,216
630,183
631,587
632,652
633,708
634,755
635,795
636,829
637,390
638,327
639,275
640,231
641,196
642,679
643,627
644,688
645,738
646,780
647,816
648,407
649,351
650,294
651,248
652,209
653,177
654,600
655,666
656,719
657,765
658,802
659,207
660,376
661,314
662,265
663,223
664,188
665,592
666,641
667,699
668,748
669,788
670,823
671,401
672,337
673,284
674,239
675,202
676,994
677,615
678,678
679,730
680,773
681,810
682,384
683,360
684,304
685,255
686,215
687,182
688,589
689,655
690,711
691,758
692,797
693,828
694,387
695,325
696,272
697,230
698,194
699,644
700,629
701,690
702,739
703,782
704,816
705,409
706,348
707,292
708,246
709,208
710,175
711,603
712,668
713,722
714,766
715,804
716,272
717,373
718,313
719,264
720,222
721,188
722,588
723,644
724,701
725,750
726,791
727,824
728,399
729,335
730,281
731,237
732,200
733,867
734,617
735,681
736,731
737,775
738,811
739,393
740,359
741,302
742,253
743,214
744,180
745,591
746,657
747,713
748,759
749,798
750,0
751,385
752,323
753,271
754,229
755,193
756,625
757,632
758,693
759,741
760,783
761,818
762,407
763,345
764,290
765,244
766,206
767,174
768,606
769,670
770,723
771,768
772,805
773,305
774,371
775,311
776,261
777,221
778,186
779,586
780,646
781,704
782,750
783,792
784,824
785,397
786,332
787,280
788,236
789,199
790,803
791,620
792,682
793,734
794,776
795,813
796,401
797,356
798,299
799,252
800,213
801,180
802,594
803,660
804,714
805,760
806,799
807,0
808,382
809,320
810,269
811,226
812,191
813,612
814,635
815,694
816,743
817,785
818,819
819,407
820,343
821,289
822,243
823,205
824,173
825,609
826,673
827,725
828,770
829,807
830,336
831,367
832,309
833,259
834,219
835,185
836,586
837,649
838,706
839,753
840,793
841,826
842,394
843,330
844,277
845,233
846,197
847,746
848,623
849,684
850,735
851,778
852,814
853,405
854,355
855,298
856,250
857,211
858,179
859,597
860,661
861,717
862,762
863,801
864,118
865,379
866,318
867,268
868,225
869,191
870,601
871,638
872,696
873,745
874,786
875,822
876,404
877,340
878,286
879,241
880,203
881,172
882,610
883,674
884,727
885,771
886,808
887,364
888,366
889,306
890,258
891,217
892,184
893,587
894,652
895,708
896,755
897,795
898,828
899,391
900,328
901,276
902,232
903,197
904,695
905,627
906,687
907,738
908,780
909,815
910,407
911,351
912,294
913,248
914,209
915,177
916,598
917,664
918,718
919,764
920,802
921,181
922,376
923,316
924,266
925,225
926,189
927,593
928,641
929,699
930,748
931,788
932,822
933,403
934,338
935,285
936,239
937,202
938,1023
939,614
940,677
941,729
942,773
943,810
944,376
945,361
946,304
947,255
948,215
949,182
950,588
951,654
952,710
953,756
954,796
955,828
956,389
957,326
958,275
959,231
960,195
961,654
962,629
963,689
964,739
965,781
966,817
967,408
968,349
969,293
970,247
971,208
972,176
973,602
974,667
975,721
976,766
977,803
978,252
979,374
980,313
981,264
982,222
983,188
984,589
985,643
986,701
987,749
988,789
989,823
990,400
991,336
992,282
993,237
994,200
995,904
996,616
997,680
998,731
999,774
1000,810
