387
1,994
2,487
3,504
4,895
5,474
6,861
7,103
8,392
9,787
10,383
11,865
12,777
13,346
14,736
15,318
16,1023
17,740
18,329
19,717
20,209
21,301
22,718
23,321
24,735
25,0
26,300
27,704
28,308
29,844
30,723
31,304
32,696
33,269
34,1023
35,712
36,309
37,701
38,148
39,287
40,703
41,310
42,737
43,0
44,295
45,696
46,298
47,871
48,717
49,301
50,692
51,255
52,281
53,709
54,307
55,703
56,99
57,287
58,701
59,308
60,758
61,721
62,295
63,694
64,292
65,938
66,714
67,302
68,692
69,235
70,275
71,706
72,308
73,709
74,41
75,288
76,698
77,306
78,781
79,732
80,296
81,693
82,285
83,1007
84,713
85,303
86,693
87,212
88,280
89,705
90,308
91,715
92,0
93,289
94,697
95,303
96,809
97,719
98,298
99,691
100,274
101,1023
102,710
103,305
104,696
105,173
106,284
107,702
108,308
109,728
110,0
111,291
112,695
113,300
114,847
115,716
116,299
117,691
118,261
119,1023
120,708
121,306
122,699
123,134
124,285
125,701
126,307
127,743
128,0
129,292
130,693
131,297
132,894
133,715
134,301
135,692
136,245
137,279
138,707
139,307
140,703
141,85
142,286
143,699
144,306
145,762
146,728
147,294
148,692
149,289
150,953
151,713
152,302
153,692
154,224
155,275
156,705
157,307
158,711
159,25
160,288
161,698
162,305
163,780
164,719
165,296
166,692
167,284
168,1007
169,711
170,304
171,693
172,197
173,282
174,704
175,307
176,719
177,0
178,290
179,696
180,303
181,810
182,717
183,298
184,691
185,271
186,1023
187,710
188,305
189,696
190,164
191,284
192,702
193,307
194,731
195,0
196,291
197,695
198,300
199,858
200,717
201,299
202,691
203,261
204,1023
205,708
206,306
207,700
208,116
209,285
210,701
211,307
212,747
213,0
214,293
215,693
216,296
217,908
218,715
219,301
220,691
221,240
222,279
223,706
224,306
225,705
226,71
227,286
228,699
229,306
230,768
231,728
232,295
233,692
234,288
235,970
236,713
237,303
238,692
239,218
240,275
241,704
242,307
243,711
244,7
245,288
246,697
247,304
248,794
249,719
250,297
251,691
252,279
253,1023
254,711
255,304
256,693
257,190
258,283
259,703
260,308
261,722
262,0
263,290
264,696
265,303
266,817
267,717
268,298
269,691
270,268
271,1023
272,709
273,304
274,697
275,154
276,284
277,702
278,307
279,735
280,0
281,292
282,694
283,298
284,869
285,716
286,300
287,691
288,253
289,1023
290,708
291,306
292,701
293,111
294,285
295,700
296,307
297,751
298,721
299,293
300,693
301,295
302,922
303,714
304,301
305,691
306,235
307,279
308,706
309,307
310,707
311,57
312,287
313,698
314,306
315,774
316,732
317,296
318,692
319,286
320,987
321,712
322,302
323,692
324,217
325,280
326,704
327,307
328,714
329,0
330,288
331,697
332,304
333,801
334,719
335,297
336,691
337,277
338,1023
339,711
340,304
341,694
342,190
343,283
344,702
345,308
346,721
347,0
348,290
349,695
350,301
351,836
352,717
353,299
354,691
355,265
356,1023
357,709
358,305
359,697
360,144
361,284
362,701
363,307
364,739
365,0
366,292
367,694
368,297
369,881
370,715
371,300
372,691
373,247
374,1023
375,707
376,306
377,703
378,98
379,286
380,699
381,307
382,757
383,720
384,293
385,692
386,293
387,937
388,713
389,301
390,692
391,229
392,275
393,705
394,307
395,708
396,41
397,287
398,697
399,305
400,780
401,732
402,296
403,692
404,284
405,1007
406,712
407,303
408,693
409,204
410,280
411,704
412,307
413,717
414,0
415,289
416,696
417,304
418,809
419,719
420,298
421,691
422,274
423,1023
424,711
425,304
426,695
427,181
428,283
429,702
430,307
431,725
432,0
433,291
434,694
435,300
436,846
437,716
438,299
439,691
440,261
441,1023
442,708
443,305
444,699
445,134
446,285
447,700
448,307
449,743
450,0
451,293
452,694
453,296
454,894
455,715
456,301
457,691
458,244
459,279
460,707
461,306
462,703
463,85
464,286
465,699
466,307
467,762
468,728
469,295
470,693
471,290
472,937
473,713
474,302
475,692
476,223
477,275
478,705
479,307
480,710
481,24
482,288
483,698
484,305
485,787
486,719
487,296
488,692
489,281
490,1023
491,712
492,303
493,693
494,197
495,280
496,703
497,307
498,719
499,0
500,290
501,696
502,303
503,817
504,718
505,298
506,691
507,271
508,1023
509,710
510,304
511,696
512,181
513,283
514,702
515,308
516,731
517,0
518,291
519,695
520,299
521,857
522,717
523,299
524,691
525,257
526,1023
527,708
528,305
529,699
530,123
531,285
532,700
533,307
534,747
535,0
536,293
537,693
538,294
539,907
540,715
541,301
542,691
543,240
544,279
545,706
546,307
547,705
548,71
549,287
550,699
551,307
552,767
553,728
554,295
555,693
556,288
557,953
558,711
559,301
560,692
561,217
562,275
563,704
564,307
565,712
566,6
567,289
568,697
569,305
570,794
571,719
572,297
573,692
574,279
575,1023
576,710
577,303
578,694
579,189
580,282
581,703
582,308
583,722
584,0
585,290
586,695
587,302
588,826
589,717
590,298
591,691
592,267
593,1023
594,709
595,304
596,697
597,154
598,284
599,702
600,308
601,731
602,0
603,292
604,695
605,298
606,869
607,716
608,299
609,690
610,253
611,1023
612,707
613,306
614,700
615,111
616,285
617,700
618,308
619,752
620,721
621,294
622,694
623,293
624,922
625,714
626,301
627,691
628,235
629,279
630,705
631,307
632,706
633,56
634,287
635,698
636,306
637,774
638,732
639,295
640,692
641,286
642,971
643,713
644,302
645,692
646,211
647,274
648,704
649,307
650,715
651,0
652,290
653,696
654,304
655,801
656,719
657,297
658,691
659,276
660,1023
661,711
662,304
663,694
664,181
665,283
666,702
667,308
668,725
669,0
670,291
671,696
672,301
673,837
674,717
675,298
676,691
677,264
678,1023
679,709
680,305
681,698
682,144
683,284
684,701
685,308
686,739
687,0
688,292
689,694
690,296
691,881
692,715
693,300
694,691
695,249
696,1023
697,707
698,306
699,703
700,99
701,286
702,699
703,308
704,757
705,721
706,295
707,692
708,291
709,936
710,713
711,301
712,692
713,229
714,275
715,706
716,307
717,708
718,41
719,288
720,698
721,306
722,780
723,732
724,295
725,692
726,287
727,1007
728,712
729,303
730,693
731,211
732,280
733,703
734,308
735,717
736,0
737,290
738,696
739,303
740,810
741,719
742,297
743,691
744,273
745,1023
746,710
747,304
748,695
749,173
750,283
751,702
752,308
753,728
754,0
755,291
756,695
757,300
758,847
759,717
760,298
761,691
762,260
763,1023
764,708
765,305
766,698
767,134
768,285
769,700
770,308
771,743
772,0
773,293
774,693
775,296
776,894
777,715
778,301
779,691
780,244
781,279
782,706
783,307
784,704
785,86
786,286
787,698
788,307
789,761
790,728
791,294
792,691
793,289
794,953
795,713
796,301
797,692
798,223
799,275
800,705
801,308
802,710
803,24
804,288
805,698
806,306
807,780
808,719
809,296
810,691
811,283
812,1023
813,711
814,303
815,693
816,205
817,282
818,704
819,308
820,720
821,0
822,290
823,696
824,302
825,818
826,718
827,297
828,691
829,270
830,1023
831,710
832,305
833,695
834,164
835,284
836,702
837,308
838,732
839,0
840,291
841,695
842,299
843,858
844,716
845,299
846,691
847,257
848,1023
849,708
850,306
851,700
852,123
853,285
854,701
855,308
856,748
857,721
858,293
859,693
860,294
861,906
862,715
863,301
864,690
865,240
866,279
867,706
868,307
869,705
870,72
871,287
872,699
873,306
874,768
875,728
876,294
877,692
878,287
879,970
880,713
881,302
882,693
883,217
884,275
885,704
886,307
887,713
888,6
889,288
890,697
891,304
892,794
893,719
894,296
895,691
896,283
897,1023
898,711
899,303
900,694
901,197
902,282
903,703
904,308
905,722
906,0
907,290
908,696
909,302
910,827
911,718
912,298
913,691
914,267
915,1023
916,710
917,305
918,697
919,155
920,284
921,702
922,307
923,735
924,0
925,292
926,694
927,297
928,869
929,716
930,300
931,691
932,254
933,1023
934,707
935,306
936,701
937,112
938,286
939,700
940,307
941,747
942,721
943,294
944,692
945,292
946,922
947,714
948,301
949,691
950,235
951,279
952,706
953,307
954,707
955,56
956,287
957,698
958,306
959,773
960,732
961,295
962,692
963,285
964,988
965,712
966,303
967,692
968,211
969,274
970,704
971,308
972,715
973,0
974,288
975,696
976,303
977,801
978,719
979,296
980,692
981,276
982,1023
983,711
984,304
985,694
986,182
987,283
988,703
989,308
990,725
991,0
992,290
993,695
994,300
995,836
996,717
997,298
998,690
999,264
1000,1023
