1,0
2,1021
3,1022
4,1022
5,1021
6,1022
7,1021
8,1021
9,1022
10,1021
11,0
12,0
13,0
14,0
15,0
16,0
17,0
18,0
19,0
20,0
21,1022
22,1022
23,1022
24,1021
25,1022
26,1022
27,1022
28,1022
29,1022
30,0
31,0
32,0
33,0
34,0
35,0
36,0
37,0
38,0
39,1022
40,1022
41,1022
42,1022
43,1022
44,1022
45,1022
46,1022
47,1022
48,0
49,0
50,0
51,0
52,0
53,0
54,0
55,0
56,0
57,1022
58,1022
59,1022
60,1022
61,1022
62,1022
63,1022
64,1022
65,1022
66,0
67,0
68,0
69,0
70,0
71,0
72,0
73,0
74,0
75,1021
76,1022
77,1022
78,1021
79,1022
80,1022
81,1021
82,1021
83,1021
84,0
85,0
86,0
87,0
88,0
89,0
90,0
91,0
92,0
93,1022
94,1021
95,1022
96,1022
97,1022
98,1022
99,1022
100,1022
