222
1,998
2,996
3,553
4,508
5,1023
6,842
7,872
8,438
9,369
10,753
11,791
12,369
13,350
14,965
15,733
16,779
17,353
18,296
19,692
20,741
21,332
22,310
23,860
24,706
25,755
26,329
27,277
28,675
29,727
30,327
31,297
32,799
33,700
34,760
35,320
36,268
37,672
38,725
39,328
40,291
41,757
42,700
43,0
44,317
45,266
46,673
47,726
48,330
49,288
50,728
51,701
52,0
53,314
54,263
55,674
56,728
57,331
58,285
59,706
60,703
61,9
62,311
63,260
64,675
65,729
66,331
67,283
68,692
69,704
70,93
71,308
72,258
73,678
74,731
75,331
76,281
77,681
78,706
79,156
80,306
81,256
82,680
83,733
84,330
85,278
86,673
87,707
88,212
89,304
90,247
91,682
92,734
93,329
94,277
95,670
96,710
97,241
98,302
99,1023
100,684
101,736
102,327
103,275
104,667
105,711
106,267
107,299
108,1023
109,686
110,737
111,326
112,273
113,666
114,715
115,288
116,297
117,1004
118,689
119,740
120,323
121,271
122,665
123,717
124,303
125,295
126,913
127,691
128,742
129,322
130,270
131,666
132,718
133,313
134,293
135,844
136,693
137,743
138,318
139,267
140,667
141,720
142,320
143,290
144,793
145,696
146,760
147,317
148,265
149,669
150,722
151,325
152,288
153,755
154,697
155,0
156,314
157,263
158,670
159,724
160,329
161,287
162,725
163,700
164,0
165,312
166,261
167,673
168,727
169,330
170,284
171,702
172,702
173,27
174,310
175,260
176,675
177,728
178,331
179,283
180,691
181,704
182,92
183,308
184,258
185,677
186,730
187,330
188,280
189,680
190,706
191,155
192,305
193,256
194,679
195,732
196,330
197,278
198,674
199,708
200,204
201,303
202,247
203,682
204,734
205,328
206,276
207,669
208,710
209,240
210,301
211,1023
212,684
213,736
214,327
215,275
216,666
217,712
218,272
219,299
220,1023
221,686
222,738
223,325
224,272
225,666
226,714
227,288
228,297
229,1003
230,688
231,740
232,324
233,271
234,665
235,717
236,302
237,294
238,913
239,691
240,741
241,321
242,268
243,666
244,718
245,313
246,293
247,844
248,693
249,743
250,319
251,267
252,667
253,721
254,320
255,290
256,784
257,695
258,760
259,316
260,266
261,668
262,721
263,326
264,289
265,754
266,697
267,745
268,314
269,263
270,670
271,725
272,328
273,286
274,726
275,700
276,0
277,312
278,261
279,672
280,726
281,330
282,284
283,705
284,701
285,9
286,309
287,259
288,675
289,728
290,330
291,282
292,691
293,704
294,91
295,307
296,258
297,677
298,730
299,331
300,281
301,679
302,706
303,166
304,305
305,254
306,679
307,732
308,330
309,278
310,673
311,708
312,204
313,303
314,247
315,682
316,734
317,328
318,276
319,669
320,710
321,240
322,301
323,1023
324,683
325,736
326,327
327,275
328,667
329,712
330,268
331,300
332,1023
333,686
334,738
335,325
336,273
337,665
338,713
339,287
340,297
341,1004
342,688
343,739
344,323
345,271
346,665
347,717
348,303
349,295
350,913
351,691
352,741
353,321
354,268
355,666
356,718
357,313
358,292
359,844
360,693
361,745
362,319
363,267
364,667
365,720
366,321
367,290
368,792
369,695
370,760
371,316
372,265
373,669
374,722
375,325
376,288
377,754
378,697
379,0
380,314
381,263
382,671
383,724
384,329
385,286
386,726
387,699
388,0
389,313
390,261
391,671
392,726
393,330
394,285
395,705
396,702
397,8
398,310
399,259
400,674
401,729
402,330
403,282
404,691
405,704
406,91
407,308
408,258
409,676
410,730
411,331
412,281
413,680
414,705
415,156
416,306
417,256
418,679
419,733
420,329
421,278
422,674
423,708
424,203
425,303
426,247
427,682
428,734
429,328
430,277
431,669
432,710
433,240
434,301
435,1023
436,684
437,736
438,327
439,274
440,667
441,712
442,267
443,299
444,1023
445,687
446,738
447,325
448,273
449,665
450,714
451,287
452,297
453,1003
454,688
455,740
456,323
457,270
458,666
459,716
460,303
461,295
462,914
463,690
464,741
465,322
466,269
467,665
468,719
469,313
470,293
471,832
472,692
473,743
474,319
475,267
476,666
477,721
478,320
479,290
480,793
481,695
482,760
483,317
484,265
485,668
486,723
487,325
488,289
489,754
490,697
491,0
492,314
493,264
494,671
495,723
496,328
497,286
498,726
499,699
500,0
501,312
502,261
503,672
504,727
505,330
506,284
507,705
508,702
509,8
510,310
511,259
512,675
513,729
514,331
515,282
516,690
517,703
518,92
519,307
520,257
521,677
522,730
523,330
524,280
525,680
526,706
527,155
528,305
529,256
530,679
531,732
532,329
533,278
534,674
535,708
536,204
537,303
538,247
539,682
540,734
541,329
542,276
543,669
544,710
545,241
546,301
547,1023
548,682
549,736
550,327
551,274
552,666
553,712
554,267
555,298
556,1023
557,686
558,737
559,325
560,273
561,665
562,714
563,288
564,297
565,1003
566,688
567,739
568,323
569,271
570,665
571,715
572,302
573,294
574,913
575,690
576,741
577,321
578,269
579,666
580,719
581,313
582,292
583,844
584,693
585,745
586,318
587,266
588,667
589,720
590,320
591,290
592,792
593,696
594,760
595,317
596,265
597,669
598,722
599,326
600,289
601,748
602,697
603,746
604,314
605,263
606,670
607,724
608,328
609,286
610,726
611,699
612,0
613,313
614,261
615,673
616,726
617,331
618,284
619,706
620,702
621,9
622,310
623,259
624,673
625,729
626,331
627,282
628,690
629,704
630,92
631,308
632,257
633,677
634,730
635,330
636,280
637,680
638,706
639,156
640,305
641,256
642,680
643,733
644,329
645,279
646,673
647,708
648,205
649,303
650,247
651,681
652,733
653,328
654,276
655,670
656,710
657,240
658,301
659,1023
660,684
661,736
662,327
663,274
664,667
665,712
666,267
667,299
668,1023
669,686
670,738
671,325
672,272
673,666
674,714
675,287
676,297
677,1003
678,688
679,740
680,323
681,271
682,665
683,717
684,305
685,295
686,897
687,690
688,741
689,321
690,268
691,666
692,718
693,313
694,293
695,844
696,693
697,743
698,319
699,267
700,666
701,721
702,320
703,290
704,792
705,695
706,760
707,316
708,265
709,669
710,722
711,325
712,288
713,753
714,697
715,0
716,315
717,263
718,670
719,725
720,328
721,286
722,726
723,700
724,0
725,312
726,262
727,672
728,726
729,331
730,285
731,702
732,702
733,9
734,310
735,259
736,674
737,728
738,330
739,282
740,690
741,704
742,92
743,308
744,258
745,677
746,730
747,331
748,281
749,680
750,706
751,156
752,305
753,254
754,680
755,732
756,329
757,278
758,674
759,708
760,204
761,303
762,247
763,682
764,734
765,329
766,276
767,670
768,710
769,246
770,301
771,253
772,683
773,736
774,327
775,275
776,667
777,712
778,268
779,299
780,1023
781,686
782,737
783,325
784,272
785,666
786,714
787,287
788,296
789,1003
790,688
791,740
792,323
793,271
794,665
795,717
796,303
797,295
798,912
799,691
800,741
801,321
802,269
803,665
804,717
805,312
806,292
807,844
808,693
809,745
810,318
811,267
812,667
813,720
814,322
815,291
816,784
817,695
818,760
819,316
820,264
821,668
822,722
823,325
824,288
825,754
826,697
827,0
828,314
829,263
830,671
831,724
832,328
833,286
834,726
835,700
836,0
837,312
838,261
839,672
840,726
841,329
842,284
843,705
844,701
845,9
846,311
847,260
848,675
849,728
850,331
851,282
852,691
853,704
854,106
855,308
856,258
857,677
858,729
859,330
860,280
861,681
862,706
863,156
864,305
865,256
866,679
867,732
868,329
869,278
870,673
871,708
872,203
873,303
874,247
875,682
876,734
877,328
878,277
879,669
880,709
881,240
882,301
883,1023
884,683
885,735
886,327
887,274
888,666
889,713
890,267
891,299
892,1023
893,686
894,738
895,325
896,273
897,665
898,714
899,291
900,297
901,983
902,688
903,740
904,323
905,270
906,666
907,716
908,302
909,294
910,912
911,690
912,742
913,321
914,269
915,666
916,718
917,313
918,292
919,844
920,693
921,745
922,318
923,267
924,667
925,720
926,321
927,291
928,792
929,695
930,760
931,317
932,265
933,668
934,722
935,325
936,288
937,753
938,697
939,0
940,314
941,263
942,670
943,724
944,329
945,287
946,726
947,700
948,0
949,312
950,262
951,673
952,727
953,330
954,284
955,705
956,701
957,9
958,310
959,260
960,674
961,727
962,331
963,282
964,691
965,704
966,91
967,307
968,257
969,677
970,730
971,330
972,280
973,681
974,706
975,156
976,305
977,256
978,679
979,732
980,330
981,278
982,673
983,708
984,211
985,304
986,247
987,681
988,735
989,328
990,276
991,669
992,710
993,240
994,301
995,1023
996,684
997,736
998,327
999,274
1000,666
